
Generation :  0
Parents for the generation are: 
[
 [0.0, -0.31238334448733596, 0.0, 0.0, -1.2723354550089536, 0.0, 0.05400445338789047, 0.0, 0.0, 0.0, 0.0], 

 [0.0, -0.02255408040150031, 0.0, -0.4040291978403548, -1.2723354550089536, 0.0, 0.18247992126242668, 0.0, 0.0, 0.0, 0.0], 

 [0.12342244157834077, -0.8929468667029533, 0.0, 0.0, -1.2723354550089536, 0.0, 0.05400445338789047, -0.250629199739542, 0.0, 0.0, 0.0], 

 [0.0, -2.0420778243481785, -0.17114410805147573, 0.0, 1.1341207505373334, 0.0, 0.05400445338789047, 0.6063208920902123, 0.0, 0.0, 0.0], 

 [0.0, 0.2326429615840363, 0.003207386578103203, 0.0, -1.2723354550089536, 0.0, 0.05400445338789047, 0.2253726858308065, 0.16738282288889345, 0.0, 0.0], 

 [0.0, -0.31238334448733596, 0.0, 0.0, -1.2723354550089536, 0.0, 0.3630874329627831, 0.17620966038843264, -0.267071682068345, 0.0, 0.0], 

 [0.0, -0.9874705289427725, 0.0, 0.0, 1.1112036859421828, 0.0, 0.05400445338789047, 0.0, 0.0, -0.8567300348199858, 0.0], 

 [0.0, -0.31238334448733596, 0.0, 0.2058969133573515, -3.186543688682807, 0.0, 0.05400445338789047, -0.14211777310778245, 0.0, -0.2705026074308305, 0.23183068250333294], 

 [0.0, -0.31238334448733596, 0.0, 0.0, -2.0407294273449366, 0.0, 0.05400445338789047, -0.09498568624283826, -0.34644133106189784, 0.0, 0.6823701010969254], 

 [0.0, -0.31238334448733596, 0.0, 0.0004963974458406728, -1.2723354550089536, -0.05592653955742679, 0.25170958329542165, 0.4275935595886793, 0.0, -0.1881798310495568, 0.0], 

 [0.0, 0.2911389570635161, 0.0958269130597025, 0.0, -1.2723354550089536, 0.0793938548189106, 0.05400445338789047, 0.0, 0.0, 0.2940486117967036, 0.0], 

 [0.0, -0.31238334448733596, 0.0, 0.0, -1.2723354550089536, 0.168872877498096, 0.05400445338789047, 0.0, 0.3927316469901382, -0.38328439452388513, -0.2151590857800592], 

 [0.0, -0.31238334448733596, 0.0, 0.0, -1.4523271839362417, 0.2042506610255802, -0.616503709629101, 0.0, 0.46900882143701617, -0.04044931391526506, 0.0], 

 [0.0, -0.31238334448733596, 0.14722484985040096, 0.0, -1.6779370803515663, 0.400513448440129, -0.10662236462295832, -0.0042162845349018475, 0.0, 0.0, 0.0], 

 [0.06762941033950012, -0.31238334448733596, 0.0, 0.0, 0.22181077135679694, -0.9306497244819519, 0.02135104257033206, 0.0, 0.0, -0.07225677429813908, 0.0], 

]
Cross over

Parents : [0.0, -0.02255408040150031, 0.0, -0.4040291978403548, -1.2723354550089536, 0.0, 0.18247992126242668, 0.0, 0.0, 0.0, 0.0] X [0.0, -0.31238334448733596, 0.0, 0.0, -1.2723354550089536, 0.0, 0.05400445338789047, 0.0, 0.0, 0.0, 0.0] ------>  
Children : [0.0, -0.02255408040150031, 0.0, 0.0, -1.2723354550089536, 0.0, 0.05400445338789047, 0.0, 0.0, 0.0, 0.0] + [0.0, -0.31238334448733596, 0.0, -0.4040291978403548, -1.2723354550089536, 0.0, 0.18247992126242668, 0.0, 0.0, 0.0, 0.0]
<------------------->

Parents : [0.0, -0.02255408040150031, 0.0, -0.4040291978403548, -1.2723354550089536, 0.0, 0.18247992126242668, 0.0, 0.0, 0.0, 0.0] X [0.0, -0.31238334448733596, 0.0, 0.0, -1.2723354550089536, 0.0, 0.05400445338789047, 0.0, 0.0, 0.0, 0.0] ------>  
Children : [0.0, -0.31238334448733596, 0.0, -0.4040291978403548, -1.2723354550089536, 0.0, 0.05400445338789047, 0.0, 0.0, 0.0, 0.0] + [0.0, -0.02255408040150031, 0.0, 0.0, -1.2723354550089536, 0.0, 0.18247992126242668, 0.0, 0.0, 0.0, 0.0]
<------------------->

Parents : [0.0, -0.31238334448733596, 0.0, 0.0, -1.2723354550089536, 0.0, 0.05400445338789047, 0.0, 0.0, 0.0, 0.0] X [0.0, -0.02255408040150031, 0.0, -0.4040291978403548, -1.2723354550089536, 0.0, 0.18247992126242668, 0.0, 0.0, 0.0, 0.0] ------>  
Children : [0.0, -0.02255408040150031, 0.0, -0.4040291978403548, -1.2723354550089536, 0.0, 0.05400445338789047, 0.0, 0.0, 0.0, 0.0] + [0.0, -0.31238334448733596, 0.0, 0.0, -1.2723354550089536, 0.0, 0.18247992126242668, 0.0, 0.0, 0.0, 0.0]
<------------------->

Parents : [0.0, -0.31238334448733596, 0.0, 0.0, -1.2723354550089536, 0.0, 0.05400445338789047, 0.0, 0.0, 0.0, 0.0] X [0.0, -0.02255408040150031, 0.0, -0.4040291978403548, -1.2723354550089536, 0.0, 0.18247992126242668, 0.0, 0.0, 0.0, 0.0] ------>  
Children : [0.0, -0.31238334448733596, 0.0, -0.4040291978403548, -1.2723354550089536, 0.0, 0.18247992126242668, 0.0, 0.0, 0.0, 0.0] + [0.0, -0.02255408040150031, 0.0, 0.0, -1.2723354550089536, 0.0, 0.05400445338789047, 0.0, 0.0, 0.0, 0.0]
<------------------->

Parents : [0.0, -0.02255408040150031, 0.0, -0.4040291978403548, -1.2723354550089536, 0.0, 0.18247992126242668, 0.0, 0.0, 0.0, 0.0] X [0.0, -0.31238334448733596, 0.0, 0.0, -1.2723354550089536, 0.0, 0.05400445338789047, 0.0, 0.0, 0.0, 0.0] ------>  
Children : [0.0, -0.31238334448733596, 0.0, 0.0, -1.2723354550089536, 0.0, 0.05400445338789047, 0.0, 0.0, 0.0, 0.0] + [0.0, -0.02255408040150031, 0.0, -0.4040291978403548, -1.2723354550089536, 0.0, 0.18247992126242668, 0.0, 0.0, 0.0, 0.0]
<------------------->

MUTATION 

Mutated child : [0.0, -0.02362327794627699, 0.0, 0.0, -1.3116104799583186, 0.0, 0.05591215534209792, -8.374619800883852e-14, -4.953839722445237e-14, 0.0, 0.0] 
  train error = 1453318477729.4448 
 Validation error = 2146160690902.7864

Mutated child : [0.0, -0.31238334448733596, 0.0, -0.4040291978403548, -1.2554913900397409, 0.0, 0.18247992126242668, 0.0, 2.9273351741934217e-13, 0.0, 0.0] 
  train error = 1273678007748.0002 
 Validation error = 1820578589190.164

Mutated child : [0.0, -0.3159064556404044, 0.0, -0.4040291978403548, -1.2441918726167973, -8.534083227672964e-13, 0.05400445338789047, 0.0, 0.0, 0.0, 2.0186448151287831e-13] 
  train error = 2.6807256245524547e+17 
 Validation error = 2.729496323764416e+17

Mutated child : [0.0, -0.02255408040150031, 0.0, 0.0, -1.2723354550089536, 0.0, 0.18669046448624907, -7.672715889202427e-14, 0.0, 0.0, -6.253232843869677e-14] 
  train error = 1306262434981.957 
 Validation error = 1879644839017.4934

Mutated child : [0.0, -0.02255408040150031, 2.206152204842296e-13, -0.4040291978403548, -1.2723354550089536, 0.0, 0.05401185727881935, 0.0, 3.323579962916016e-14, 0.0, 0.0] 
  train error = 1335518744875.6226 
 Validation error = 1932853107353.2832

Mutated child : [0.0, -0.31238334448733596, 0.0, -6.390228632129481e-13, -1.3324448054090912, -6.780183942527698e-13, 0.17797411549731484, 0.0, 8.122397183200293e-14, 0.0, 0.0] 
  train error = 1.6947440362391574e+17 
 Validation error = 1.7262155377582752e+17

Mutated child : [0.0, -0.31238334448733596, 0.0, -0.4040291978403548, -1.2172198537183965, 0.0, 0.18247992126242668, 6.839099823607627e-13, 0.0, 0.0, 0.0] 
  train error = 1140225691439.3655 
 Validation error = 1578787567853.94

Mutated child : [0.0, -0.02255408040150031, 0.0, 0.0, -1.2366173085412497, 8.97020408177758e-13, 0.05400445338789047, 0.0, 0.0, 0.0, 0.0] 
  train error = 2.939046680512618e+17 
 Validation error = 2.989232897901511e+17

Mutated child : [0.0, -0.3218990858889894, 3.080752114288386e-13, 0.0, -1.3230897461515654, 0.0, 0.05449104910999878, 0.0, 0.0, 0.0, 0.0] 
  train error = 1499135821760.4243 
 Validation error = 2229185227908.1895

Mutated child : [0.0, -0.021836103543103537, 0.0, -0.40726462533081026, -1.247226730702522, 0.0, 0.17678145250196994, -2.809303259422005e-13, 0.0, 0.0, -2.6267970785390026e-13] 
  train error = 1256543033982.277 
 Validation error = 1787182924052.0874

Generation :  1
Parents for the generation are: 
[
 [0.0, -0.31238334448733596, 0.0, 0.0, -1.2723354550089536, 0.0, 0.05400445338789047, 0.0, 0.0, 0.0, 0.0], 

 [0.0, -0.02255408040150031, 0.0, -0.4040291978403548, -1.2723354550089536, 0.0, 0.18247992126242668, 0.0, 0.0, 0.0, 0.0], 

 [0.12342244157834077, -0.8929468667029533, 0.0, 0.0, -1.2723354550089536, 0.0, 0.05400445338789047, -0.250629199739542, 0.0, 0.0, 0.0], 

 [0.0, -0.31238334448733596, 0.0, -0.4040291978403548, -1.2172198537183965, 0.0, 0.18247992126242668, 6.839099823607627e-13, 0.0, 0.0, 0.0], 

 [0.0, -0.021836103543103537, 0.0, -0.40726462533081026, -1.247226730702522, 0.0, 0.17678145250196994, -2.809303259422005e-13, 0.0, 0.0, -2.6267970785390026e-13], 

 [0.0, -0.31238334448733596, 0.0, -0.4040291978403548, -1.2554913900397409, 0.0, 0.18247992126242668, 0.0, 2.9273351741934217e-13, 0.0, 0.0], 

 [0.0, -0.02255408040150031, 0.0, 0.0, -1.2723354550089536, 0.0, 0.18669046448624907, -7.672715889202427e-14, 0.0, 0.0, -6.253232843869677e-14], 

 [0.0, -0.02255408040150031, 2.206152204842296e-13, -0.4040291978403548, -1.2723354550089536, 0.0, 0.05401185727881935, 0.0, 3.323579962916016e-14, 0.0, 0.0], 

 [0.0, -0.02362327794627699, 0.0, 0.0, -1.3116104799583186, 0.0, 0.05591215534209792, -8.374619800883852e-14, -4.953839722445237e-14, 0.0, 0.0], 

 [0.0, -0.3218990858889894, 3.080752114288386e-13, 0.0, -1.3230897461515654, 0.0, 0.05449104910999878, 0.0, 0.0, 0.0, 0.0], 

 [0.0, -0.3159064556404044, 0.0, -0.4040291978403548, -1.2441918726167973, -8.534083227672964e-13, 0.05400445338789047, 0.0, 0.0, 0.0, 2.0186448151287831e-13], 

 [0.0, -0.02255408040150031, 0.0, 0.0, -1.2366173085412497, 8.97020408177758e-13, 0.05400445338789047, 0.0, 0.0, 0.0, 0.0], 

 [0.0, -0.9874705289427725, 0.0, 0.0, 1.1112036859421828, 0.0, 0.05400445338789047, 0.0, 0.0, -0.8567300348199858, 0.0], 

 [0.0, -0.31238334448733596, 0.0, 0.2058969133573515, -3.186543688682807, 0.0, 0.05400445338789047, -0.14211777310778245, 0.0, -0.2705026074308305, 0.23183068250333294], 

 [0.0, -0.31238334448733596, 0.0, 0.0, -2.0407294273449366, 0.0, 0.05400445338789047, -0.09498568624283826, -0.34644133106189784, 0.0, 0.6823701010969254], 

]
Cross over

Parents : [0.0, -0.021836103543103537, 0.0, -0.40726462533081026, -1.247226730702522, 0.0, 0.17678145250196994, -2.809303259422005e-13, 0.0, 0.0, -2.6267970785390026e-13] X [0.0, -0.31238334448733596, 0.0, -0.4040291978403548, -1.2554913900397409, 0.0, 0.18247992126242668, 0.0, 2.9273351741934217e-13, 0.0, 0.0] ------>  
Children : [0.0, -0.31238334448733596, 0.0, -0.4040291978403548, -1.2554913900397409, 0.0, 0.18247992126242668, -2.809303259422005e-13, 2.9273351741934217e-13, 0.0, -2.6267970785390026e-13] + [0.0, -0.021836103543103537, 0.0, -0.40726462533081026, -1.247226730702522, 0.0, 0.17678145250196994, 0.0, 0.0, 0.0, 0.0]
<------------------->

Parents : [0.0, -0.31238334448733596, 0.0, 0.0, -1.2723354550089536, 0.0, 0.05400445338789047, 0.0, 0.0, 0.0, 0.0] X [0.0, -0.021836103543103537, 0.0, -0.40726462533081026, -1.247226730702522, 0.0, 0.17678145250196994, -2.809303259422005e-13, 0.0, 0.0, -2.6267970785390026e-13] ------>  
Children : [0.0, -0.021836103543103537, 0.0, -0.40726462533081026, -1.247226730702522, 0.0, 0.05400445338789047, -2.809303259422005e-13, 0.0, 0.0, 0.0] + [0.0, -0.31238334448733596, 0.0, 0.0, -1.2723354550089536, 0.0, 0.17678145250196994, 0.0, 0.0, 0.0, -2.6267970785390026e-13]
<------------------->

Parents : [0.0, -0.31238334448733596, 0.0, -0.4040291978403548, -1.2172198537183965, 0.0, 0.18247992126242668, 6.839099823607627e-13, 0.0, 0.0, 0.0] X [0.0, -0.31238334448733596, 0.0, 0.0, -1.2723354550089536, 0.0, 0.05400445338789047, 0.0, 0.0, 0.0, 0.0] ------>  
Children : [0.0, -0.31238334448733596, 0.0, 0.0, -1.2723354550089536, 0.0, 0.05400445338789047, 6.839099823607627e-13, 0.0, 0.0, 0.0] + [0.0, -0.31238334448733596, 0.0, -0.4040291978403548, -1.2172198537183965, 0.0, 0.18247992126242668, 0.0, 0.0, 0.0, 0.0]
<------------------->

Parents : [0.0, -0.02255408040150031, 0.0, 0.0, -1.2723354550089536, 0.0, 0.18669046448624907, -7.672715889202427e-14, 0.0, 0.0, -6.253232843869677e-14] X [0.0, -0.31238334448733596, 0.0, -0.4040291978403548, -1.2554913900397409, 0.0, 0.18247992126242668, 0.0, 2.9273351741934217e-13, 0.0, 0.0] ------>  
Children : [0.0, -0.31238334448733596, 0.0, -0.4040291978403548, -1.2554913900397409, 0.0, 0.18669046448624907, 0.0, 2.9273351741934217e-13, 0.0, 0.0] + [0.0, -0.02255408040150031, 0.0, 0.0, -1.2723354550089536, 0.0, 0.18247992126242668, -7.672715889202427e-14, 0.0, 0.0, -6.253232843869677e-14]
<------------------->

Parents : [0.0, -0.31238334448733596, 0.0, -0.4040291978403548, -1.2172198537183965, 0.0, 0.18247992126242668, 6.839099823607627e-13, 0.0, 0.0, 0.0] X [0.0, -0.021836103543103537, 0.0, -0.40726462533081026, -1.247226730702522, 0.0, 0.17678145250196994, -2.809303259422005e-13, 0.0, 0.0, -2.6267970785390026e-13] ------>  
Children : [0.0, -0.021836103543103537, 0.0, -0.4040291978403548, -1.247226730702522, 0.0, 0.18247992126242668, -2.809303259422005e-13, 0.0, 0.0, -2.6267970785390026e-13] + [0.0, -0.31238334448733596, 0.0, -0.40726462533081026, -1.2172198537183965, 0.0, 0.17678145250196994, 6.839099823607627e-13, 0.0, 0.0, 0.0]
<------------------->

MUTATION 

Mutated child : [4.791988792718024e-13, -0.31238334448733596, 2.8764386393759894e-13, -0.4040291978403548, -1.2554913900397409, 0.0, 0.18247992126242668, -2.809303259422005e-13, 2.9273351741934217e-13, 0.0, -2.6267970785390026e-13] 
  train error = 1286099871530.0457 
 Validation error = 1840829008360.8347

Mutated child : [-4.060359100301361e-13, -0.021836103543103537, 0.0, -0.3912375347092587, -1.2128949234630682, 3.7545351704726046e-13, 0.17678145250196994, 0.0, 0.0, 0.0, 4.3333524604867336e-13] 
  train error = 5.123683840879121e+16 
 Validation error = 5.207915691029518e+16

Mutated child : [0.0, -0.021836103543103537, -8.260880446272728e-14, -0.40726462533081026, -1.247226730702522, 0.0, 0.05400445338789047, -2.809303259422005e-13, 0.0, 0.0, 0.0] 
  train error = 1244275305661.1245 
 Validation error = 1767233476445.4165

Mutated child : [0.0, -0.31238334448733596, 0.0, 0.0, -1.2723354550089536, 0.0, 0.17678145250196994, 3.578065188466306e-13, 0.0, -2.111298662309586e-13, -2.6267970785390026e-13] 
  train error = 1316082724115.1672 
 Validation error = 1895683245163.097

Mutated child : [0.0, -0.313827809000491, 0.0, 0.0, -1.2723354550089536, 0.0, 0.05400445338789047, 7.154171242042523e-13, 0.0, 0.0, 0.0] 
  train error = 1303280864243.782 
 Validation error = 1874780825892.6714

Mutated child : [0.0, -0.3003896556787536, 0.0, -0.40371720658099375, -1.1987687046188207, 0.0, 0.18247992126242668, 0.0, 1.1019568506857631e-13, 3.3489863099139573e-13, 0.0] 
  train error = 1079063457055.1445 
 Validation error = 1468302262960.571

Mutated child : [0.0, -0.31238334448733596, 0.0, -0.3860412530995406, -1.2554913900397409, 0.0, 0.18669046448624907, 0.0, 2.9273351741934217e-13, 0.0, 0.0] 
  train error = 1272259841968.638 
 Validation error = 1818054238051.27

Mutated child : [0.0, -0.023656757659361143, 0.0, 0.0, -1.2723354550089536, 0.0, 0.1823857613027787, -7.672715889202427e-14, 0.0, 8.625942764783853e-13, -6.253232843869677e-14] 
  train error = 1305411013046.9543 
 Validation error = 1878243260596.0728

Mutated child : [0.0, -0.021836103543103537, 0.0, -0.4040291978403548, -1.2557628345029908, 5.023323677762776e-13, 0.18022791311786998, -2.7360699653941207e-13, -2.8829789211940344e-13, -5.138168298333523e-13, -2.6267970785390026e-13] 
  train error = 9.187410122469418e+16 
 Validation error = 9.33940296613866e+16

Mutated child : [0.0, -0.31238334448733596, 0.0, -0.40726462533081026, -1.2172198537183965, 0.0, 0.17678145250196994, 6.839099823607627e-13, -3.783341568291607e-13, 0.0, -2.227925380961667e-13] 
  train error = 1150398985167.6472 
 Validation error = 1595198420911.9775