


Generation :  0
Parents for the generation are: 
[
 [0.0, -0.3050257425523439, 0.0, 0.0, -1.143920194519226, 0.0, 0.053478897409674334, 0.0, 0.0, 0.0, 0.0], 

 [0.0, -0.5059184085721675, -0.2942589648229883, 0.010751292825805413, -1.8701492569237979, 0.0, 0.053478897409674334, 0.0, 0.027973927588242926, 0.0, 0.0], 

 [-0.09819321932148495, -0.3050257425523439, -0.20458910997060806, -0.26430140143423175, -1.143920194519226, 0.0, 0.053478897409674334, 0.0, -0.054032671152936036, 0.0, 0.0], 

 [0.0, -0.23162835955139877, 0.0, 0.0, -1.143920194519226, 0.0, 0.053478897409674334, 0.24635551697696523, 0.25345122470450826, 0.21490125009878625, 0.0], 

 [0.0, -0.3050257425523439, 0.09237320359344671, 0.0, -1.143920194519226, 0.0, 0.053478897409674334, 0.0, -0.016158548821608935, 0.3690428692750787, 0.0], 

 [0.271944044807961, -0.3050257425523439, -0.01728155769667734, 0.0, -2.755761366738411, 0.0, 0.21792207419175746, 0.0, 0.0, 0.0, -0.301636969113792], 

 [0.0, -0.393567106174199, 0.0, -0.15271562375596504, -1.143920194519226, 0.0, 0.053478897409674334, 0.0, 0.0, -0.055078107736918534, -0.30487554348757057], 

 [0.0, -0.445844087993126, 0.02270358608646279, 0.0, -1.2110967899222607, 0.0, 0.053478897409674334, 0.0, 0.0, -0.2738568701884929, 0.6004572828080077], 

 [0.0, -0.3050257425523439, 0.0, 0.0, -1.143920194519226, 0.0, -0.4054712090584137, 0.0, 0.0, 0.0, -0.6708571293894349], 

 [0.0, -0.4527613122017905, 0.0, 0.0, -1.1043618309095187, -0.06813540363154295, -0.3123347465186829, 0.0, 0.717724687991636, 0.0, 0.0], 

 [0.0, -0.30824145024566796, 0.0, -0.28168011094602247, -1.143920194519226, -0.12370641159894813, -0.04240328221301308, 0.0, 0.0, 0.0, 0.0], 

 [0.0, -0.06460917932076074, 0.0, 0.0, -1.143920194519226, 0.3191862506517376, 0.053478897409674334, 0.20804437549490612, 0.0, 0.18349112138491874, 0.0], 

 [0.0, -0.3050257425523439, 0.0, 0.0, -1.143920194519226, -0.47852512707184175, 0.0987775130914471, -0.21449810904915423, 0.0, 0.0, 0.03731657735250943], 

 [-0.16911012004177517, -0.03619745336199459, 0.0, 0.0, -1.143920194519226, 0.5323904828400878, 0.053478897409674334, 0.0, 0.0, -0.5090186217190246, 0.0], 

 [0.0, -0.34423667448830536, 0.0, 0.0, -1.143920194519226, -0.5928892945056096, 0.053478897409674334, -0.343163737582021, 0.0, 0.19919034915867168, 0.0], 

]
Cross over

Parents : [0.0, -0.3050257425523439, 0.0, 0.0, -1.143920194519226, 0.0, 0.053478897409674334, 0.0, 0.0, 0.0, 0.0] X [0.0, -0.5059184085721675, -0.2942589648229883, 0.010751292825805413, -1.8701492569237979, 0.0, 0.053478897409674334, 0.0, 0.027973927588242926, 0.0, 0.0] ------>  
Children : [0.0, -0.3050257425523439, -0.2942589648229883, 0.0, -1.8701492569237979, 0.0, 0.053478897409674334, 0.0, 0.027973927588242926, 0.0, 0.0] + [0.0, -0.5059184085721675, 0.0, 0.010751292825805413, -1.143920194519226, 0.0, 0.053478897409674334, 0.0, 0.0, 0.0, 0.0]
<------------------->

Parents : [0.0, -0.3050257425523439, 0.0, 0.0, -1.143920194519226, 0.0, 0.053478897409674334, 0.0, 0.0, 0.0, 0.0] X [0.0, -0.5059184085721675, -0.2942589648229883, 0.010751292825805413, -1.8701492569237979, 0.0, 0.053478897409674334, 0.0, 0.027973927588242926, 0.0, 0.0] ------>  
Children : [0.0, -0.5059184085721675, -0.2942589648229883, 0.0, -1.8701492569237979, 0.0, 0.053478897409674334, 0.0, 0.0, 0.0, 0.0] + [0.0, -0.3050257425523439, 0.0, 0.010751292825805413, -1.143920194519226, 0.0, 0.053478897409674334, 0.0, 0.027973927588242926, 0.0, 0.0]
<------------------->

Parents : [0.0, -0.3050257425523439, 0.0, 0.0, -1.143920194519226, 0.0, 0.053478897409674334, 0.0, 0.0, 0.0, 0.0] X [0.0, -0.5059184085721675, -0.2942589648229883, 0.010751292825805413, -1.8701492569237979, 0.0, 0.053478897409674334, 0.0, 0.027973927588242926, 0.0, 0.0] ------>  
Children : [0.0, -0.5059184085721675, -0.2942589648229883, 0.010751292825805413, -1.143920194519226, 0.0, 0.053478897409674334, 0.0, 0.027973927588242926, 0.0, 0.0] + [0.0, -0.3050257425523439, 0.0, 0.0, -1.8701492569237979, 0.0, 0.053478897409674334, 0.0, 0.0, 0.0, 0.0]
<------------------->

Parents : [0.0, -0.3050257425523439, 0.0, 0.0, -1.143920194519226, 0.0, 0.053478897409674334, 0.0, 0.0, 0.0, 0.0] X [0.0, -0.5059184085721675, -0.2942589648229883, 0.010751292825805413, -1.8701492569237979, 0.0, 0.053478897409674334, 0.0, 0.027973927588242926, 0.0, 0.0] ------>  
Children : [0.0, -0.5059184085721675, 0.0, 0.0, -1.8701492569237979, 0.0, 0.053478897409674334, 0.0, 0.027973927588242926, 0.0, 0.0] + [0.0, -0.3050257425523439, -0.2942589648229883, 0.010751292825805413, -1.143920194519226, 0.0, 0.053478897409674334, 0.0, 0.0, 0.0, 0.0]
<------------------->

Parents : [0.0, -0.3050257425523439, 0.0, 0.0, -1.143920194519226, 0.0, 0.053478897409674334, 0.0, 0.0, 0.0, 0.0] X [-0.09819321932148495, -0.3050257425523439, -0.20458910997060806, -0.26430140143423175, -1.143920194519226, 0.0, 0.053478897409674334, 0.0, -0.054032671152936036, 0.0, 0.0] ------>  
Children : [-0.09819321932148495, -0.3050257425523439, 0.0, -0.26430140143423175, -1.143920194519226, 0.0, 0.053478897409674334, 0.0, -0.054032671152936036, 0.0, 0.0] + [0.0, -0.3050257425523439, -0.20458910997060806, 0.0, -1.143920194519226, 0.0, 0.053478897409674334, 0.0, 0.0, 0.0, 0.0]
<------------------->

MUTATION 

Mutated child : [0.0, -0.3089942505958854, -0.2942589648229883, 0.0, -1.8701492569237979, 6.406766128205565e-13, 0.053478897409674334, 0.0, 0.027973927588242926, -4.015981498576381e-13, 0.0] 
  train error = 6.47941048557264e+22 
 Validation error = 1.2552493683938367e+23

Mutated child : [1.9213760375395977e-13, -0.5059184085721675, 0.0, 0.010751292825805413, -1.1871369469343562, 0.0, 0.053478897409674334, 0.0, 0.0, 0.0, 0.0] 
  train error = 1012547366888.1943 
 Validation error = 1351764848275.1733

Mutated child : [0.0, -0.5059184085721675, -0.30333419287668245, 0.0, -1.8239069492265334, 0.0, 0.05594439136536611, 9.036136137817307e-14, 0.0, 1.8401044150273998e-13, 0.0] 
  train error = 4357600593855.1655 
 Validation error = 7472676777396.981

Mutated child : [0.0, -0.2941498306092848, 0.0, 0.01040471615872934, -1.1790447173866296, 0.0, 0.05281462662581194, 0.0, 0.02712045143135969, -1.1111225208303313e-13, 0.0] 
  train error = 6.073810949179453e+22 
 Validation error = 1.177572081785523e+23

Mutated child : [0.0, -0.5240318727116688, -0.2942589648229883, 0.01088822856672434, -1.1263707370884268, 0.0, 0.05424750592318945, 6.245057423094019e-14, 0.028778896244917196, 0.0, 0.0] 
  train error = 6.839371642000681e+22 
 Validation error = 1.3259965869841286e+23

Mutated child : [-1.332179427713997e-13, -0.3050257425523439, 0.0, 0.0, -1.8048818982466428, 0.0, 0.05349775203810422, 0.0, 0.0, 0.0, 0.0] 
  train error = 4217588290503.8906 
 Validation error = 7214263272078.617

Mutated child : [0.0, -0.5059184085721675, 0.0, 0.0, -1.8701492569237979, 0.0, 0.053478897409674334, 0.0, 0.027973927588242926, 0.0, 0.0] 
  train error = 6.462050522796796e+22 
 Validation error = 1.2528426280222942e+23

Mutated child : [0.0, -0.3050257425523439, -0.2942589648229883, 0.010751292825805413, -1.143920194519226, 0.0, 0.052671186321304485, 0.0, 0.0, -8.868635554708624e-14, 0.0] 
  train error = 884505362559.5803 
 Validation error = 1123074556791.3708

Mutated child : [-0.0949311624338173, -0.3050257425523439, 0.0, -0.2740736401452468, -1.143920194519226, 2.1880740887919756e-14, 0.053478897409674334, 0.0, -0.053047441843482014, -4.3905143958921093e-14, 0.0] 
  train error = 2.323701283128635e+23 
 Validation error = 4.505175365187904e+23

Mutated child : [0.0, -0.3151126467106223, -0.20458910997060806, -3.2290820350781773e-14, -1.143920194519226, -1.0669768121338561e-13, 0.054777523304365194, 0.0, 2.7082199713828516e-13, 0.0, 0.0] 
  train error = 4288705857238809.5 
 Validation error = 4376310268464792.0

Generation :  1
Parents for the generation are: 
[
 [0.0, -0.3050257425523439, 0.0, 0.0, -1.143920194519226, 0.0, 0.053478897409674334, 0.0, 0.0, 0.0, 0.0], 

 [0.0, -0.5059184085721675, -0.2942589648229883, 0.010751292825805413, -1.8701492569237979, 0.0, 0.053478897409674334, 0.0, 0.027973927588242926, 0.0, 0.0], 

 [-0.09819321932148495, -0.3050257425523439, -0.20458910997060806, -0.26430140143423175, -1.143920194519226, 0.0, 0.053478897409674334, 0.0, -0.054032671152936036, 0.0, 0.0], 

 [0.0, -0.3050257425523439, -0.2942589648229883, 0.010751292825805413, -1.143920194519226, 0.0, 0.052671186321304485, 0.0, 0.0, -8.868635554708624e-14, 0.0], 

 [1.9213760375395977e-13, -0.5059184085721675, 0.0, 0.010751292825805413, -1.1871369469343562, 0.0, 0.053478897409674334, 0.0, 0.0, 0.0, 0.0], 

 [-1.332179427713997e-13, -0.3050257425523439, 0.0, 0.0, -1.8048818982466428, 0.0, 0.05349775203810422, 0.0, 0.0, 0.0, 0.0], 

 [0.0, -0.5059184085721675, -0.30333419287668245, 0.0, -1.8239069492265334, 0.0, 0.05594439136536611, 9.036136137817307e-14, 0.0, 1.8401044150273998e-13, 0.0], 

 [0.0, -0.3151126467106223, -0.20458910997060806, -3.2290820350781773e-14, -1.143920194519226, -1.0669768121338561e-13, 0.054777523304365194, 0.0, 2.7082199713828516e-13, 0.0, 0.0], 

 [0.0, -0.2941498306092848, 0.0, 0.01040471615872934, -1.1790447173866296, 0.0, 0.05281462662581194, 0.0, 0.02712045143135969, -1.1111225208303313e-13, 0.0], 

 [0.0, -0.5059184085721675, 0.0, 0.0, -1.8701492569237979, 0.0, 0.053478897409674334, 0.0, 0.027973927588242926, 0.0, 0.0], 

 [0.0, -0.5240318727116688, -0.2942589648229883, 0.01088822856672434, -1.1263707370884268, 0.0, 0.05424750592318945, 6.245057423094019e-14, 0.028778896244917196, 0.0, 0.0], 

 [-0.0949311624338173, -0.3050257425523439, 0.0, -0.2740736401452468, -1.143920194519226, 2.1880740887919756e-14, 0.053478897409674334, 0.0, -0.053047441843482014, -4.3905143958921093e-14, 0.0], 

 [0.0, -0.393567106174199, 0.0, -0.15271562375596504, -1.143920194519226, 0.0, 0.053478897409674334, 0.0, 0.0, -0.055078107736918534, -0.30487554348757057], 

 [0.0, -0.445844087993126, 0.02270358608646279, 0.0, -1.2110967899222607, 0.0, 0.053478897409674334, 0.0, 0.0, -0.2738568701884929, 0.6004572828080077], 

 [0.0, -0.3050257425523439, 0.0, 0.0, -1.143920194519226, 0.0, -0.4054712090584137, 0.0, 0.0, 0.0, -0.6708571293894349], 

]
Cross over

Parents : [0.0, -0.3050257425523439, 0.0, 0.0, -1.143920194519226, 0.0, 0.053478897409674334, 0.0, 0.0, 0.0, 0.0] X [1.9213760375395977e-13, -0.5059184085721675, 0.0, 0.010751292825805413, -1.1871369469343562, 0.0, 0.053478897409674334, 0.0, 0.0, 0.0, 0.0] ------>  
Children : [1.9213760375395977e-13, -0.5059184085721675, 0.0, 0.010751292825805413, -1.1871369469343562, 0.0, 0.053478897409674334, 0.0, 0.0, 0.0, 0.0] + [0.0, -0.3050257425523439, 0.0, 0.0, -1.143920194519226, 0.0, 0.053478897409674334, 0.0, 0.0, 0.0, 0.0]
<------------------->

Parents : [0.0, -0.5059184085721675, -0.30333419287668245, 0.0, -1.8239069492265334, 0.0, 0.05594439136536611, 9.036136137817307e-14, 0.0, 1.8401044150273998e-13, 0.0] X [0.0, -0.3050257425523439, 0.0, 0.0, -1.143920194519226, 0.0, 0.053478897409674334, 0.0, 0.0, 0.0, 0.0] ------>  
Children : [0.0, -0.5059184085721675, 0.0, 0.0, -1.143920194519226, 0.0, 0.053478897409674334, 0.0, 0.0, 0.0, 0.0] + [0.0, -0.3050257425523439, -0.30333419287668245, 0.0, -1.8239069492265334, 0.0, 0.05594439136536611, 9.036136137817307e-14, 0.0, 1.8401044150273998e-13, 0.0]
<------------------->

Parents : [1.9213760375395977e-13, -0.5059184085721675, 0.0, 0.010751292825805413, -1.1871369469343562, 0.0, 0.053478897409674334, 0.0, 0.0, 0.0, 0.0] X [0.0, -0.3050257425523439, 0.0, 0.0, -1.143920194519226, 0.0, 0.053478897409674334, 0.0, 0.0, 0.0, 0.0] ------>  
Children : [0.0, -0.3050257425523439, 0.0, 0.0, -1.1871369469343562, 0.0, 0.053478897409674334, 0.0, 0.0, 0.0, 0.0] + [1.9213760375395977e-13, -0.5059184085721675, 0.0, 0.010751292825805413, -1.143920194519226, 0.0, 0.053478897409674334, 0.0, 0.0, 0.0, 0.0]
<------------------->

Parents : [1.9213760375395977e-13, -0.5059184085721675, 0.0, 0.010751292825805413, -1.1871369469343562, 0.0, 0.053478897409674334, 0.0, 0.0, 0.0, 0.0] X [0.0, -0.3050257425523439, -0.2942589648229883, 0.010751292825805413, -1.143920194519226, 0.0, 0.052671186321304485, 0.0, 0.0, -8.868635554708624e-14, 0.0] ------>  
Children : [0.0, -0.3050257425523439, -0.2942589648229883, 0.010751292825805413, -1.1871369469343562, 0.0, 0.052671186321304485, 0.0, 0.0, 0.0, 0.0] + [1.9213760375395977e-13, -0.5059184085721675, 0.0, 0.010751292825805413, -1.143920194519226, 0.0, 0.053478897409674334, 0.0, 0.0, -8.868635554708624e-14, 0.0]
<------------------->

Parents : [0.0, -0.3050257425523439, 0.0, 0.0, -1.143920194519226, 0.0, 0.053478897409674334, 0.0, 0.0, 0.0, 0.0] X [0.0, -0.3050257425523439, -0.2942589648229883, 0.010751292825805413, -1.143920194519226, 0.0, 0.052671186321304485, 0.0, 0.0, -8.868635554708624e-14, 0.0] ------>  
Children : [0.0, -0.3050257425523439, -0.2942589648229883, 0.010751292825805413, -1.143920194519226, 0.0, 0.052671186321304485, 0.0, 0.0, -8.868635554708624e-14, 0.0] + [0.0, -0.3050257425523439, 0.0, 0.0, -1.143920194519226, 0.0, 0.053478897409674334, 0.0, 0.0, 0.0, 0.0]
<------------------->

MUTATION 

Mutated child : [1.9213760375395977e-13, -0.5059184085721675, 0.0, 0.01089775691042424, -1.1871369469343562, 0.0, 0.053478897409674334, -1.639803324509409e-13, 0.0, -2.5178005382283544e-13, 0.0] 
  train error = 1012755850376.9313 
 Validation error = 1352093165239.062

Mutated child : [0.0, -0.30504147319365305, 0.0, -2.642432518887446e-13, -1.1211715832347207, 0.0, 0.053478897409674334, -6.397267147383974e-14, -1.1616425293937327e-13, 0.0, 0.0] 
  train error = 822181613781.9641 
 Validation error = 1012067454045.2614

Mutated child : [0.0, -0.5059184085721675, 0.0, 0.0, -1.1142861751036666, 0.0, 0.05572425920031011, 0.0, -7.4332309954665e-14, 3.0181231844914655e-13, 0.0] 
  train error = 803685660474.5513 
 Validation error = 979304117663.9971

Mutated child : [0.0, -0.30991951511923477, -0.3113696889046534, 0.0, -1.8678469526902697, 0.0, 0.056929674690243036, 9.227705547735791e-14, 0.0, 1.909758647066438e-13, 0.0] 
  train error = 4688530081816.238 
 Validation error = 8083875124908.927

Mutated child : [-6.463084085803784e-13, -0.3050257425523439, 0.0, 0.0, -1.1871369469343562, 3.674076699114813e-13, 0.056013373326417544, 0.0, 0.0, 0.0, -2.909811717979594e-13] 
  train error = 4.906908097575835e+16 
 Validation error = 4.988078600129579e+16

Mutated child : [1.9523062735195426e-13, -0.49158174654865217, 0.0, 0.010594281701122464, -1.143920194519226, 0.0, 0.053478897409674334, 0.0, 0.0, 3.4292475142561033e-13, 0.0] 
  train error = 883819487217.6565 
 Validation error = 1121884214460.3477

Mutated child : [0.0, -0.3050257425523439, -0.299769414388173, 0.010751292825805413, -1.177612163814747, 0.0, 0.05134268880925028, 0.0, 0.0, -1.5602365316122206e-13, 0.0] 
  train error = 983681231591.4333 
 Validation error = 1300114491403.7368

Mutated child : [1.9728506886437387e-13, -0.5059184085721675, 0.0, 0.010751292825805413, -1.143920194519226, 0.0, 0.053478897409674334, 0.0, 0.0, -8.825839711257576e-14, -1.161859120703498e-13] 
  train error = 888652641949.7871 
 Validation error = 1129396102999.6711

Mutated child : [0.0, -0.29841826406621214, -0.2907350017246832, 0.010751292825805413, -1.1753690892211832, 0.0, 0.05526255926012753, 0.0, 0.0, -8.648201229701082e-14, 2.838583876735799e-13] 
  train error = 965206255706.9196 
 Validation error = 1269538910563.0298

Mutated child : [0.0, -0.29032841029599615, -9.070651411773744e-14, 0.0, -1.0975953727348395, -1.9284001635037335e-13, 0.053478897409674334, 0.0, 0.0, -3.968006559058802e-13, 0.0] 
  train error = 1.382587695124774e+16 
 Validation error = 1.4084798146472562e+16

Generation :  2
Parents for the generation are: 
[
 [0.0, -0.3050257425523439, -0.2942589648229883, 0.010751292825805413, -1.143920194519226, 0.0, 0.052671186321304485, 0.0, 0.0, -8.868635554708624e-14, 0.0], 

 [0.0, -0.3050257425523439, 0.0, 0.0, -1.143920194519226, 0.0, 0.053478897409674334, 0.0, 0.0, 0.0, 0.0], 

 [1.9213760375395977e-13, -0.5059184085721675, 0.0, 0.010751292825805413, -1.1871369469343562, 0.0, 0.053478897409674334, 0.0, 0.0, 0.0, 0.0], 

 [0.0, -0.5059184085721675, 0.0, 0.0, -1.1142861751036666, 0.0, 0.05572425920031011, 0.0, -7.4332309954665e-14, 3.0181231844914655e-13, 0.0], 

 [0.0, -0.30504147319365305, 0.0, -2.642432518887446e-13, -1.1211715832347207, 0.0, 0.053478897409674334, -6.397267147383974e-14, -1.1616425293937327e-13, 0.0, 0.0], 

 [1.9523062735195426e-13, -0.49158174654865217, 0.0, 0.010594281701122464, -1.143920194519226, 0.0, 0.053478897409674334, 0.0, 0.0, 3.4292475142561033e-13, 0.0], 

 [1.9728506886437387e-13, -0.5059184085721675, 0.0, 0.010751292825805413, -1.143920194519226, 0.0, 0.053478897409674334, 0.0, 0.0, -8.825839711257576e-14, -1.161859120703498e-13], 

 [0.0, -0.29841826406621214, -0.2907350017246832, 0.010751292825805413, -1.1753690892211832, 0.0, 0.05526255926012753, 0.0, 0.0, -8.648201229701082e-14, 2.838583876735799e-13], 

 [0.0, -0.3050257425523439, -0.299769414388173, 0.010751292825805413, -1.177612163814747, 0.0, 0.05134268880925028, 0.0, 0.0, -1.5602365316122206e-13, 0.0], 

 [1.9213760375395977e-13, -0.5059184085721675, 0.0, 0.01089775691042424, -1.1871369469343562, 0.0, 0.053478897409674334, -1.639803324509409e-13, 0.0, -2.5178005382283544e-13, 0.0], 

 [0.0, -0.29032841029599615, -9.070651411773744e-14, 0.0, -1.0975953727348395, -1.9284001635037335e-13, 0.053478897409674334, 0.0, 0.0, -3.968006559058802e-13, 0.0], 

 [-6.463084085803784e-13, -0.3050257425523439, 0.0, 0.0, -1.1871369469343562, 3.674076699114813e-13, 0.056013373326417544, 0.0, 0.0, 0.0, -2.909811717979594e-13], 

 [0.0, -0.2941498306092848, 0.0, 0.01040471615872934, -1.1790447173866296, 0.0, 0.05281462662581194, 0.0, 0.02712045143135969, -1.1111225208303313e-13, 0.0], 

 [0.0, -0.5059184085721675, 0.0, 0.0, -1.8701492569237979, 0.0, 0.053478897409674334, 0.0, 0.027973927588242926, 0.0, 0.0], 

 [0.0, -0.5059184085721675, -0.2942589648229883, 0.010751292825805413, -1.8701492569237979, 0.0, 0.053478897409674334, 0.0, 0.027973927588242926, 0.0, 0.0], 

]
Cross over

Parents : [0.0, -0.30504147319365305, 0.0, -2.642432518887446e-13, -1.1211715832347207, 0.0, 0.053478897409674334, -6.397267147383974e-14, -1.1616425293937327e-13, 0.0, 0.0] X [0.0, -0.3050257425523439, 0.0, 0.0, -1.143920194519226, 0.0, 0.053478897409674334, 0.0, 0.0, 0.0, 0.0] ------>  
Children : [0.0, -0.3050257425523439, 0.0, -2.642432518887446e-13, -1.1211715832347207, 0.0, 0.053478897409674334, 0.0, 0.0, 0.0, 0.0] + [0.0, -0.30504147319365305, 0.0, 0.0, -1.143920194519226, 0.0, 0.053478897409674334, -6.397267147383974e-14, -1.1616425293937327e-13, 0.0, 0.0]
<------------------->

Parents : [0.0, -0.5059184085721675, 0.0, 0.0, -1.1142861751036666, 0.0, 0.05572425920031011, 0.0, -7.4332309954665e-14, 3.0181231844914655e-13, 0.0] X [1.9523062735195426e-13, -0.49158174654865217, 0.0, 0.010594281701122464, -1.143920194519226, 0.0, 0.053478897409674334, 0.0, 0.0, 3.4292475142561033e-13, 0.0] ------>  
Children : [1.9523062735195426e-13, -0.49158174654865217, 0.0, 0.010594281701122464, -1.143920194519226, 0.0, 0.053478897409674334, 0.0, 0.0, 3.0181231844914655e-13, 0.0] + [0.0, -0.5059184085721675, 0.0, 0.0, -1.1142861751036666, 0.0, 0.05572425920031011, 0.0, -7.4332309954665e-14, 3.4292475142561033e-13, 0.0]
<------------------->

Parents : [0.0, -0.30504147319365305, 0.0, -2.642432518887446e-13, -1.1211715832347207, 0.0, 0.053478897409674334, -6.397267147383974e-14, -1.1616425293937327e-13, 0.0, 0.0] X [1.9523062735195426e-13, -0.49158174654865217, 0.0, 0.010594281701122464, -1.143920194519226, 0.0, 0.053478897409674334, 0.0, 0.0, 3.4292475142561033e-13, 0.0] ------>  
Children : [1.9523062735195426e-13, -0.49158174654865217, 0.0, 0.010594281701122464, -1.1211715832347207, 0.0, 0.053478897409674334, 0.0, 0.0, 3.4292475142561033e-13, 0.0] + [0.0, -0.30504147319365305, 0.0, -2.642432518887446e-13, -1.143920194519226, 0.0, 0.053478897409674334, -6.397267147383974e-14, -1.1616425293937327e-13, 0.0, 0.0]
<------------------->

Parents : [0.0, -0.30504147319365305, 0.0, -2.642432518887446e-13, -1.1211715832347207, 0.0, 0.053478897409674334, -6.397267147383974e-14, -1.1616425293937327e-13, 0.0, 0.0] X [0.0, -0.3050257425523439, -0.2942589648229883, 0.010751292825805413, -1.143920194519226, 0.0, 0.052671186321304485, 0.0, 0.0, -8.868635554708624e-14, 0.0] ------>  
Children : [0.0, -0.3050257425523439, -0.2942589648229883, 0.010751292825805413, -1.143920194519226, 0.0, 0.052671186321304485, -6.397267147383974e-14, 0.0, -8.868635554708624e-14, 0.0] + [0.0, -0.30504147319365305, 0.0, -2.642432518887446e-13, -1.1211715832347207, 0.0, 0.053478897409674334, 0.0, -1.1616425293937327e-13, 0.0, 0.0]
<------------------->

Parents : [0.0, -0.5059184085721675, 0.0, 0.0, -1.1142861751036666, 0.0, 0.05572425920031011, 0.0, -7.4332309954665e-14, 3.0181231844914655e-13, 0.0] X [0.0, -0.30504147319365305, 0.0, -2.642432518887446e-13, -1.1211715832347207, 0.0, 0.053478897409674334, -6.397267147383974e-14, -1.1616425293937327e-13, 0.0, 0.0] ------>  
Children : [0.0, -0.30504147319365305, 0.0, -2.642432518887446e-13, -1.1211715832347207, 0.0, 0.05572425920031011, -6.397267147383974e-14, -7.4332309954665e-14, 3.0181231844914655e-13, 0.0] + [0.0, -0.5059184085721675, 0.0, 0.0, -1.1142861751036666, 0.0, 0.053478897409674334, 0.0, -1.1616425293937327e-13, 0.0, 0.0]
<------------------->

MUTATION 

Mutated child : [0.0, -0.3050257425523439, -4.722016409251482e-13, -2.770385955200217e-13, -1.1557811614145819, 0.0, 0.05365512219079846, 0.0, 0.0, 0.0, 0.0] 
  train error = 918820255352.949 
 Validation error = 1184103821692.5842

Mutated child : [0.0, -0.30504147319365305, 0.0, 5.562812859356619e-13, -1.143920194519226, -2.7542830993174244e-13, 0.05539961319937047, -6.397267147383974e-14, -1.1616425293937327e-13, 0.0, 0.0] 
  train error = 2.810736856981888e+16 
 Validation error = 2.8633093837464876e+16

Mutated child : [1.9523062735195426e-13, -0.49158174654865217, 4.1227995111438526e-13, 0.01082918510724489, -1.143920194519226, 0.0, 0.053478897409674334, 0.0, 0.0, 3.020039771482399e-13, 0.0] 
  train error = 883836966654.5472 
 Validation error = 1121909983742.6755

Mutated child : [0.0, -0.5059184085721675, 0.0, -7.255162441758464e-13, -1.1142861751036666, 0.0, 0.05572425920031011, 1.999787960587552e-13, -7.4332309954665e-14, 3.484456586078707e-13, 0.0] 
  train error = 803649721306.9381 
 Validation error = 979249926172.4127

Mutated child : [1.9523062735195426e-13, -0.49158174654865217, 0.0, 0.010607734293319081, -1.0885769964104235, 0.0, 0.053478897409674334, 1.2088012721073009e-13, 0.0, 3.4292475142561033e-13, 9.365954520567392e-14] 
  train error = 734363211971.06 
 Validation error = 857643840537.1788

Mutated child : [0.0, -0.30504147319365305, 0.0, -2.642432518887446e-13, -1.087961824325605, 0.0, 0.053478897409674334, -6.397267147383974e-14, -1.1616425293937327e-13, -1.5567812739658495e-13, 0.0] 
  train error = 737106780492.8337 
 Validation error = 861382980029.2339

Mutated child : [0.0, -0.3023682188371579, -0.2942589648229883, 0.010751292825805413, -1.1153439268558598, 0.0, 0.052671186321304485, -6.439908821326844e-14, 0.0, -8.868635554708624e-14, 0.0] 
  train error = 806402289892.3846 
 Validation error = 984245250258.0319

Mutated child : [0.0, -0.30504147319365305, 0.0, -2.636273557265022e-13, -1.136946288179649, 0.0, 0.053478897409674334, 0.0, -1.1210367983890668e-13, 0.0, 0.0] 
  train error = 865234312876.0128 
 Validation error = 1088604282264.9818

Mutated child : [-4.687188190940661e-13, -0.30108254360123016, 0.0, -2.642432518887446e-13, -1.1284218672807917, 0.0, 0.05572425920031011, -6.28734002996575e-14, -7.4332309954665e-14, 3.0181231844914655e-13, -3.3589207889586976e-13] 
  train error = 854179624984.2378 
 Validation error = 1066042649534.891

Mutated child : [3.5211246969566455e-13, -0.5059184085721675, -5.060518900208881e-14, 0.0, -1.1142861751036666, 0.0, 0.053478897409674334, 0.0, -1.1616425293937327e-13, 0.0, 0.0] 
  train error = 803918491592.8508 
 Validation error = 979655242990.7488

Generation :  3
Parents for the generation are: 
[
 [0.0, -0.5059184085721675, 0.0, 0.0, -1.1142861751036666, 0.0, 0.05572425920031011, 0.0, -7.4332309954665e-14, 3.0181231844914655e-13, 0.0], 

 [0.0, -0.30504147319365305, 0.0, -2.642432518887446e-13, -1.1211715832347207, 0.0, 0.053478897409674334, -6.397267147383974e-14, -1.1616425293937327e-13, 0.0, 0.0], 

 [1.9523062735195426e-13, -0.49158174654865217, 0.0, 0.010594281701122464, -1.143920194519226, 0.0, 0.053478897409674334, 0.0, 0.0, 3.4292475142561033e-13, 0.0], 

 [1.9523062735195426e-13, -0.49158174654865217, 0.0, 0.010607734293319081, -1.0885769964104235, 0.0, 0.053478897409674334, 1.2088012721073009e-13, 0.0, 3.4292475142561033e-13, 9.365954520567392e-14], 

 [0.0, -0.30504147319365305, 0.0, -2.642432518887446e-13, -1.087961824325605, 0.0, 0.053478897409674334, -6.397267147383974e-14, -1.1616425293937327e-13, -1.5567812739658495e-13, 0.0], 

 [0.0, -0.5059184085721675, 0.0, -7.255162441758464e-13, -1.1142861751036666, 0.0, 0.05572425920031011, 1.999787960587552e-13, -7.4332309954665e-14, 3.484456586078707e-13, 0.0], 

 [3.5211246969566455e-13, -0.5059184085721675, -5.060518900208881e-14, 0.0, -1.1142861751036666, 0.0, 0.053478897409674334, 0.0, -1.1616425293937327e-13, 0.0, 0.0], 

 [0.0, -0.3023682188371579, -0.2942589648229883, 0.010751292825805413, -1.1153439268558598, 0.0, 0.052671186321304485, -6.439908821326844e-14, 0.0, -8.868635554708624e-14, 0.0], 

 [-4.687188190940661e-13, -0.30108254360123016, 0.0, -2.642432518887446e-13, -1.1284218672807917, 0.0, 0.05572425920031011, -6.28734002996575e-14, -7.4332309954665e-14, 3.0181231844914655e-13, -3.3589207889586976e-13], 

 [0.0, -0.30504147319365305, 0.0, -2.636273557265022e-13, -1.136946288179649, 0.0, 0.053478897409674334, 0.0, -1.1210367983890668e-13, 0.0, 0.0], 

 [0.0, -0.3050257425523439, -4.722016409251482e-13, -2.770385955200217e-13, -1.1557811614145819, 0.0, 0.05365512219079846, 0.0, 0.0, 0.0, 0.0], 

 [0.0, -0.29841826406621214, -0.2907350017246832, 0.010751292825805413, -1.1753690892211832, 0.0, 0.05526255926012753, 0.0, 0.0, -8.648201229701082e-14, 2.838583876735799e-13], 

 [0.0, -0.3050257425523439, -0.299769414388173, 0.010751292825805413, -1.177612163814747, 0.0, 0.05134268880925028, 0.0, 0.0, -1.5602365316122206e-13, 0.0], 

 [1.9213760375395977e-13, -0.5059184085721675, 0.0, 0.010751292825805413, -1.1871369469343562, 0.0, 0.053478897409674334, 0.0, 0.0, 0.0, 0.0], 

 [1.9213760375395977e-13, -0.5059184085721675, 0.0, 0.01089775691042424, -1.1871369469343562, 0.0, 0.053478897409674334, -1.639803324509409e-13, 0.0, -2.5178005382283544e-13, 0.0], 

]
Cross over

Parents : [0.0, -0.5059184085721675, 0.0, 0.0, -1.1142861751036666, 0.0, 0.05572425920031011, 0.0, -7.4332309954665e-14, 3.0181231844914655e-13, 0.0] X [1.9523062735195426e-13, -0.49158174654865217, 0.0, 0.010607734293319081, -1.0885769964104235, 0.0, 0.053478897409674334, 1.2088012721073009e-13, 0.0, 3.4292475142561033e-13, 9.365954520567392e-14] ------>  
Children : [1.9523062735195426e-13, -0.49158174654865217, 0.0, 0.010607734293319081, -1.0885769964104235, 0.0, 0.053478897409674334, 1.2088012721073009e-13, -7.4332309954665e-14, 3.0181231844914655e-13, 9.365954520567392e-14] + [0.0, -0.5059184085721675, 0.0, 0.0, -1.1142861751036666, 0.0, 0.05572425920031011, 0.0, 0.0, 3.4292475142561033e-13, 0.0]
<------------------->

Parents : [0.0, -0.5059184085721675, 0.0, -7.255162441758464e-13, -1.1142861751036666, 0.0, 0.05572425920031011, 1.999787960587552e-13, -7.4332309954665e-14, 3.484456586078707e-13, 0.0] X [0.0, -0.30504147319365305, 0.0, -2.642432518887446e-13, -1.087961824325605, 0.0, 0.053478897409674334, -6.397267147383974e-14, -1.1616425293937327e-13, -1.5567812739658495e-13, 0.0] ------>  
Children : [0.0, -0.5059184085721675, 0.0, -2.642432518887446e-13, -1.1142861751036666, 0.0, 0.053478897409674334, 1.999787960587552e-13, -1.1616425293937327e-13, -1.5567812739658495e-13, 0.0] + [0.0, -0.30504147319365305, 0.0, -7.255162441758464e-13, -1.087961824325605, 0.0, 0.05572425920031011, -6.397267147383974e-14, -7.4332309954665e-14, 3.484456586078707e-13, 0.0]
<------------------->

Parents : [0.0, -0.5059184085721675, 0.0, 0.0, -1.1142861751036666, 0.0, 0.05572425920031011, 0.0, -7.4332309954665e-14, 3.0181231844914655e-13, 0.0] X [1.9523062735195426e-13, -0.49158174654865217, 0.0, 0.010607734293319081, -1.0885769964104235, 0.0, 0.053478897409674334, 1.2088012721073009e-13, 0.0, 3.4292475142561033e-13, 9.365954520567392e-14] ------>  
Children : [1.9523062735195426e-13, -0.49158174654865217, 0.0, 0.0, -1.1142861751036666, 0.0, 0.053478897409674334, 1.2088012721073009e-13, 0.0, 3.4292475142561033e-13, 9.365954520567392e-14] + [0.0, -0.5059184085721675, 0.0, 0.010607734293319081, -1.0885769964104235, 0.0, 0.05572425920031011, 0.0, -7.4332309954665e-14, 3.0181231844914655e-13, 0.0]
<------------------->

Parents : [0.0, -0.30504147319365305, 0.0, -2.642432518887446e-13, -1.087961824325605, 0.0, 0.053478897409674334, -6.397267147383974e-14, -1.1616425293937327e-13, -1.5567812739658495e-13, 0.0] X [0.0, -0.5059184085721675, 0.0, 0.0, -1.1142861751036666, 0.0, 0.05572425920031011, 0.0, -7.4332309954665e-14, 3.0181231844914655e-13, 0.0] ------>  
Children : [0.0, -0.5059184085721675, 0.0, 0.0, -1.087961824325605, 0.0, 0.05572425920031011, 0.0, -7.4332309954665e-14, 3.0181231844914655e-13, 0.0] + [0.0, -0.30504147319365305, 0.0, -2.642432518887446e-13, -1.1142861751036666, 0.0, 0.053478897409674334, -6.397267147383974e-14, -1.1616425293937327e-13, -1.5567812739658495e-13, 0.0]
<------------------->

Parents : [3.5211246969566455e-13, -0.5059184085721675, -5.060518900208881e-14, 0.0, -1.1142861751036666, 0.0, 0.053478897409674334, 0.0, -1.1616425293937327e-13, 0.0, 0.0] X [1.9523062735195426e-13, -0.49158174654865217, 0.0, 0.010607734293319081, -1.0885769964104235, 0.0, 0.053478897409674334, 1.2088012721073009e-13, 0.0, 3.4292475142561033e-13, 9.365954520567392e-14] ------>  
Children : [3.5211246969566455e-13, -0.49158174654865217, 0.0, 0.010607734293319081, -1.1142861751036666, 0.0, 0.053478897409674334, 1.2088012721073009e-13, 0.0, 0.0, 0.0] + [1.9523062735195426e-13, -0.5059184085721675, -5.060518900208881e-14, 0.0, -1.0885769964104235, 0.0, 0.053478897409674334, 0.0, -1.1616425293937327e-13, 3.4292475142561033e-13, 9.365954520567392e-14]
<------------------->

MUTATION 

Mutated child : [1.8710216613529505e-13, -0.501144723834891, 0.0, 0.010607734293319081, -1.0885769964104235, 1.3646925113098e-13, 0.05162215181379248, 1.2293416976387026e-13, -7.439593953827401e-14, 2.9572026987912676e-13, 9.2557383528914e-14] 
  train error = 6695470885269271.0 
 Validation error = 6803569137707834.0

Mutated child : [0.0, -0.5059184085721675, 0.0, 0.0, -1.1142861751036666, 0.0, 0.05572425920031011, 0.0, 0.0, 3.4292475142561033e-13, 0.0] 
  train error = 803652903443.3549 
 Validation error = 979254638623.6287

Mutated child : [0.0, -0.5059184085721675, -4.288420091356445e-15, -2.642432518887446e-13, -1.1481350657900677, -5.609223072075785e-13, 0.053478897409674334, 1.999787960587552e-13, -1.1943522516539398e-13, -1.5567812739658495e-13, -1.1392274531993603e-14] 
  train error = 1.1595555280510469e+17 
 Validation error = 1.1806141529787955e+17

Mutated child : [0.0, -0.30504147319365305, -3.1085942979106225e-14, -7.317548489835751e-13, -1.087961824325605, -1.6144510077281437e-13, 0.05654494702346004, -6.397267147383974e-14, -7.4332309954665e-14, 3.484456586078707e-13, 1.3051155158261383e-14] 
  train error = 9714192523926816.0 
 Validation error = 9897102963069676.0

Mutated child : [1.9523062735195426e-13, -0.49158174654865217, 0.0, -1.8040380591220582e-13, -1.160663203124078, 0.0, 0.053478897409674334, 1.2088012721073009e-13, 0.0, 3.4292475142561033e-13, 9.365954520567392e-14] 
  train error = 929091986841.3129 
 Validation error = 1203316084057.5376

Mutated child : [0.0, -0.5059184085721675, 0.0, 0.010607734293319081, -1.140752965115288, -1.6057422205527782e-13, 0.055080290330786694, 0.0, -7.360331475778758e-14, 2.9108407405593377e-13, 0.0] 
  train error = 9624571576700828.0 
 Validation error = 9811720621902794.0

Mutated child : [0.0, -0.48528043686089584, 0.0, 0.0, -1.0623312989801712, -6.908671520740978e-16, 0.058151328182979606, 2.3077522620707065e-13, -7.4332309954665e-14, 3.0181231844914655e-13, -4.2138211294981866e-13] 
  train error = 1517807778868.4016 
 Validation error = 1657808275115.0535

Mutated child : [0.0, -0.29128413565796385, 8.330543214364363e-15, -2.6101646353364635e-13, -1.1142861751036666, 0.0, 0.05165307256936385, -6.176472670423516e-14, -1.149056442156362e-13, -1.5567812739658495e-13, -8.445309396521263e-14] 
  train error = 807119478864.2351 
 Validation error = 984558189083.0211

Mutated child : [3.5211246969566455e-13, -0.500752078517055, -1.7258155576266638e-14, 0.010607734293319081, -1.1673401221307027, 0.0, 0.053478897409674334, 1.2088012721073009e-13, 0.0, 0.0, 0.0] 
  train error = 952158959300.4541 
 Validation error = 1243736050372.3901

Mutated child : [2.0346083107160495e-13, -0.5157297478436534, -5.060518900208881e-14, 0.0, -1.060997327039676, 0.0, 0.05169610919602309, 0.0, -1.1736353689553447e-13, 3.4292475142561033e-13, 9.365954520567392e-14] 
  train error = 669965886678.4248 
 Validation error = 744109113892.3684

Happening
Top10 are: 
[
 [2.0346083107160495e-13, -0.5157297478436534, -5.060518900208881e-14, 0.0, -1.060997327039676, 0.0, 0.05169610919602309, 0.0, -1.1736353689553447e-13, 3.4292475142561033e-13, 9.365954520567392e-14], 
  train error = 669965886678.4248 
 Validation error = 744109113892.3684

 [1.9523062735195426e-13, -0.49158174654865217, 0.0, 0.010607734293319081, -1.0885769964104235, 0.0, 0.053478897409674334, 1.2088012721073009e-13, 0.0, 3.4292475142561033e-13, 9.365954520567392e-14], 
  train error = 734363211971.06 
 Validation error = 857643840537.1788

 [0.0, -0.30504147319365305, 0.0, -2.642432518887446e-13, -1.087961824325605, 0.0, 0.053478897409674334, -6.397267147383974e-14, -1.1616425293937327e-13, -1.5567812739658495e-13, 0.0], 
  train error = 737106780492.8337 
 Validation error = 861382980029.2339

 [0.0, -0.48528043686089584, 0.0, 0.0, -1.0623312989801712, -6.908671520740978e-16, 0.058151328182979606, 2.3077522620707065e-13, -7.4332309954665e-14, 3.0181231844914655e-13, -4.2138211294981866e-13], 
  train error = 1517807778868.4016 
 Validation error = 1657808275115.0535

 [0.0, -0.5059184085721675, 0.0, -7.255162441758464e-13, -1.1142861751036666, 0.0, 0.05572425920031011, 1.999787960587552e-13, -7.4332309954665e-14, 3.484456586078707e-13, 0.0], 
  train error = 803649721306.9381 
 Validation error = 979249926172.4127

 [0.0, -0.5059184085721675, 0.0, 0.0, -1.1142861751036666, 0.0, 0.05572425920031011, 0.0, 0.0, 3.4292475142561033e-13, 0.0], 
  train error = 803652903443.3549 
 Validation error = 979254638623.6287

 [0.0, -0.5059184085721675, 0.0, 0.0, -1.1142861751036666, 0.0, 0.05572425920031011, 0.0, -7.4332309954665e-14, 3.0181231844914655e-13, 0.0], 
  train error = 803685660474.5513 
 Validation error = 979304117663.9971

 [3.5211246969566455e-13, -0.5059184085721675, -5.060518900208881e-14, 0.0, -1.1142861751036666, 0.0, 0.053478897409674334, 0.0, -1.1616425293937327e-13, 0.0, 0.0], 
  train error = 803918491592.8508 
 Validation error = 979655242990.7488

 [0.0, -0.29128413565796385, 8.330543214364363e-15, -2.6101646353364635e-13, -1.1142861751036666, 0.0, 0.05165307256936385, -6.176472670423516e-14, -1.149056442156362e-13, -1.5567812739658495e-13, -8.445309396521263e-14], 
  train error = 807119478864.2351 
 Validation error = 984558189083.0211

 [0.0, -0.3023682188371579, -0.2942589648229883, 0.010751292825805413, -1.1153439268558598, 0.0, 0.052671186321304485, -6.439908821326844e-14, 0.0, -8.868635554708624e-14, 0.0], 
  train error = 806402289892.3846 
 Validation error = 984245250258.0319

]
Average of top10 best:
[7.508039281192238e-14, -0.4414959393230646, -0.029425896482308117, 0.0021359027117873715, -1.0986642249130067, -6.908671520740978e-17, 0.05417811660996243, 3.6149766308521266e-14, -6.875946168539122e-14, 1.5808019394427385e-13, -3.1851611650368344e-14]
Errors
83.50698238577162 98.70331234730172
151963299615.30103
Counter:65
Program Finished
Generation :  0
Parents for the generation are: 
[
 [2.0346083107160495e-13, -0.5157297478436534, -5.060518900208881e-14, 0.0, -1.060997327039676, 0.0, 0.05169610919602309, 0.0, -1.1736353689553447e-13, 3.4292475142561033e-13, 9.365954520567392e-14], 

 [1.9523062735195426e-13, -0.49158174654865217, 0.0, 0.010607734293319081, -1.0885769964104235, 0.0, 0.053478897409674334, 1.2088012721073009e-13, 0.0, 3.4292475142561033e-13, 9.365954520567392e-14], 

 [0.0, -0.30504147319365305, 0.0, -2.642432518887446e-13, -1.087961824325605, 0.0, 0.053478897409674334, -6.397267147383974e-14, -1.1616425293937327e-13, -1.5567812739658495e-13, 0.0], 

 [0.0, -0.48528043686089584, 0.0, 0.0, -1.0623312989801712, -6.908671520740978e-16, 0.058151328182979606, 2.3077522620707065e-13, -7.4332309954665e-14, 3.0181231844914655e-13, -4.2138211294981866e-13], 

 [0.0, -0.5059184085721675, 0.0, -7.255162441758464e-13, -1.1142861751036666, 0.0, 0.05572425920031011, 1.999787960587552e-13, -7.4332309954665e-14, 3.484456586078707e-13, 0.0], 

 [0.0, -0.5059184085721675, 0.0, 0.0, -1.1142861751036666, 0.0, 0.05572425920031011, 0.0, 0.0, 3.4292475142561033e-13, 0.0], 

 [0.0, -0.29128413565796385, 8.330543214364363e-15, -2.6101646353364635e-13, -1.1142861751036666, 0.0, 0.05165307256936385, -6.176472670423516e-14, -1.149056442156362e-13, -1.5567812739658495e-13, -8.445309396521263e-14], 

 [0.0, -0.30504147319365305, 0.0, -2.642432518887446e-13, -1.1211715832347207, 0.0, 0.053478897409674334, -6.397267147383974e-14, -1.1616425293937327e-13, 0.0, 0.0], 

 [-4.687188190940661e-13, -0.30108254360123016, 0.0, -2.642432518887446e-13, -1.1284218672807917, 0.0, 0.05572425920031011, -6.28734002996575e-14, -7.4332309954665e-14, 3.0181231844914655e-13, -3.3589207889586976e-13], 

 [0.0, -0.30504147319365305, 0.0, -2.636273557265022e-13, -1.136946288179649, 0.0, 0.053478897409674334, 0.0, -1.1210367983890668e-13, 0.0, 0.0], 

 [1.9523062735195426e-13, -0.49158174654865217, 0.0, 0.010594281701122464, -1.143920194519226, 0.0, 0.053478897409674334, 0.0, 0.0, 3.4292475142561033e-13, 0.0], 

 [0.0, -0.3050257425523439, -4.722016409251482e-13, -2.770385955200217e-13, -1.1557811614145819, 0.0, 0.05365512219079846, 0.0, 0.0, 0.0, 0.0], 

 [1.9523062735195426e-13, -0.49158174654865217, 0.0, -1.8040380591220582e-13, -1.160663203124078, 0.0, 0.053478897409674334, 1.2088012721073009e-13, 0.0, 3.4292475142561033e-13, 9.365954520567392e-14], 

 [3.5211246969566455e-13, -0.500752078517055, -1.7258155576266638e-14, 0.010607734293319081, -1.1673401221307027, 0.0, 0.053478897409674334, 1.2088012721073009e-13, 0.0, 0.0, 0.0], 

 [1.8710216613529505e-13, -0.501144723834891, 0.0, 0.010607734293319081, -1.0885769964104235, 1.3646925113098e-13, 0.05162215181379248, 1.2293416976387026e-13, -7.439593953827401e-14, 2.9572026987912676e-13, 9.2557383528914e-14], 

]
Cross over

Parents : [2.0346083107160495e-13, -0.5157297478436534, -5.060518900208881e-14, 0.0, -1.060997327039676, 0.0, 0.05169610919602309, 0.0, -1.1736353689553447e-13, 3.4292475142561033e-13, 9.365954520567392e-14] X [0.0, -0.30504147319365305, 0.0, -2.642432518887446e-13, -1.087961824325605, 0.0, 0.053478897409674334, -6.397267147383974e-14, -1.1616425293937327e-13, -1.5567812739658495e-13, 0.0] ------>  
Children : [0.0, -0.30504147319365305, 0.0, -2.642432518887446e-13, -1.060997327039676, 0.0, 0.053478897409674334, -6.397267147383974e-14, -1.1616425293937327e-13, -1.5567812739658495e-13, 0.0] + [2.0346083107160495e-13, -0.5157297478436534, -5.060518900208881e-14, 0.0, -1.087961824325605, 0.0, 0.05169610919602309, 0.0, -1.1736353689553447e-13, 3.4292475142561033e-13, 9.365954520567392e-14]
<------------------->

Parents : [0.0, -0.5059184085721675, 0.0, -7.255162441758464e-13, -1.1142861751036666, 0.0, 0.05572425920031011, 1.999787960587552e-13, -7.4332309954665e-14, 3.484456586078707e-13, 0.0] X [2.0346083107160495e-13, -0.5157297478436534, -5.060518900208881e-14, 0.0, -1.060997327039676, 0.0, 0.05169610919602309, 0.0, -1.1736353689553447e-13, 3.4292475142561033e-13, 9.365954520567392e-14] ------>  
Children : [0.0, -0.5157297478436534, 0.0, -7.255162441758464e-13, -1.060997327039676, 0.0, 0.05169610919602309, 0.0, -1.1736353689553447e-13, 3.484456586078707e-13, 9.365954520567392e-14] + [2.0346083107160495e-13, -0.5059184085721675, -5.060518900208881e-14, 0.0, -1.1142861751036666, 0.0, 0.05572425920031011, 1.999787960587552e-13, -7.4332309954665e-14, 3.4292475142561033e-13, 0.0]
<------------------->

Parents : [2.0346083107160495e-13, -0.5157297478436534, -5.060518900208881e-14, 0.0, -1.060997327039676, 0.0, 0.05169610919602309, 0.0, -1.1736353689553447e-13, 3.4292475142561033e-13, 9.365954520567392e-14] X [1.9523062735195426e-13, -0.49158174654865217, 0.0, 0.010607734293319081, -1.0885769964104235, 0.0, 0.053478897409674334, 1.2088012721073009e-13, 0.0, 3.4292475142561033e-13, 9.365954520567392e-14] ------>  
Children : [1.9523062735195426e-13, -0.5157297478436534, -5.060518900208881e-14, 0.010607734293319081, -1.060997327039676, 0.0, 0.053478897409674334, 1.2088012721073009e-13, 0.0, 3.4292475142561033e-13, 9.365954520567392e-14] + [2.0346083107160495e-13, -0.49158174654865217, 0.0, 0.0, -1.0885769964104235, 0.0, 0.05169610919602309, 0.0, -1.1736353689553447e-13, 3.4292475142561033e-13, 9.365954520567392e-14]
<------------------->

Parents : [0.0, -0.5059184085721675, 0.0, -7.255162441758464e-13, -1.1142861751036666, 0.0, 0.05572425920031011, 1.999787960587552e-13, -7.4332309954665e-14, 3.484456586078707e-13, 0.0] X [1.9523062735195426e-13, -0.49158174654865217, 0.0, 0.010607734293319081, -1.0885769964104235, 0.0, 0.053478897409674334, 1.2088012721073009e-13, 0.0, 3.4292475142561033e-13, 9.365954520567392e-14] ------>  
Children : [1.9523062735195426e-13, -0.5059184085721675, 0.0, 0.010607734293319081, -1.1142861751036666, 0.0, 0.05572425920031011, 1.2088012721073009e-13, -7.4332309954665e-14, 3.4292475142561033e-13, 9.365954520567392e-14] + [0.0, -0.49158174654865217, 0.0, -7.255162441758464e-13, -1.0885769964104235, 0.0, 0.053478897409674334, 1.999787960587552e-13, 0.0, 3.484456586078707e-13, 0.0]
<------------------->

Parents : [0.0, -0.5059184085721675, 0.0, -7.255162441758464e-13, -1.1142861751036666, 0.0, 0.05572425920031011, 1.999787960587552e-13, -7.4332309954665e-14, 3.484456586078707e-13, 0.0] X [1.9523062735195426e-13, -0.49158174654865217, 0.0, 0.010607734293319081, -1.0885769964104235, 0.0, 0.053478897409674334, 1.2088012721073009e-13, 0.0, 3.4292475142561033e-13, 9.365954520567392e-14] ------>  
Children : [1.9523062735195426e-13, -0.49158174654865217, 0.0, -7.255162441758464e-13, -1.0885769964104235, 0.0, 0.053478897409674334, 1.2088012721073009e-13, 0.0, 3.4292475142561033e-13, 0.0] + [0.0, -0.5059184085721675, 0.0, 0.010607734293319081, -1.1142861751036666, 0.0, 0.05572425920031011, 1.999787960587552e-13, -7.4332309954665e-14, 3.484456586078707e-13, 9.365954520567392e-14]
<------------------->

MUTATION 

Mutated child : [-2.1733149203442173e-13, -0.30504147319365305, 0.0, -2.6925564481630853e-13, -1.065611997489501, 0.0, 0.05274610446535072, -6.355614995200457e-14, -1.1110089011227535e-13, -1.479421431466125e-13, -2.59979655152829e-13] 
  train error = 692545571462.1066 
 Validation error = 780525936181.4701

Mutated child : [2.0346083107160495e-13, -0.5001350851862352, -4.9339021986209494e-14, 0.0, -1.087961824325605, 0.0, 0.0498969325309425, 0.0, -1.1736353689553447e-13, 3.5237832300195816e-13, 9.365954520567392e-14] 
  train error = 733500291712.9973 
 Validation error = 855953367984.3328

Mutated child : [0.0, -0.5157297478436534, 0.0, -7.397251922678524e-13, -1.106115646672644, 0.0, 0.05089717060909249, -1.7472249172442977e-13, -1.1736353689553447e-13, 3.484456586078707e-13, 9.365954520567392e-14] 
  train error = 779026078351.9333 
 Validation error = 936438698882.0826

Mutated child : [2.0346083107160495e-13, -0.5179785706051475, -5.060518900208881e-14, 0.0, -1.0954641685485258, 0.0, 0.05797200938960701, 1.9511440859093755e-13, -7.4332309954665e-14, 3.4292475142561033e-13, 0.0] 
  train error = 755342352391.0624 
 Validation error = 893704267591.0049

Mutated child : [1.9994506679339814e-13, -0.5074744120295599, -4.902620121515192e-14, 0.010607734293319081, -1.060997327039676, -7.91482195117515e-14, 0.05458175298331875, 1.2368920878102278e-13, 0.0, 3.3278687921817406e-13, 9.61718042750277e-14] 
  train error = 2370960648076300.0 
 Validation error = 2417014924159007.0

Mutated child : [2.0161123841331924e-13, -0.5142483035000007, 0.0, 0.0, -1.1401043006516147, 0.0, 0.05127765960221812, 0.0, -1.1922151586807678e-13, 3.575914742712012e-13, 9.707226577737244e-14] 
  train error = 870053028681.0837 
 Validation error = 1098100404909.7959

Mutated child : [1.9477820387926462e-13, -0.5059184085721675, 0.0, 0.010607734293319081, -1.1142861751036666, 0.0, 0.05442081750999541, 1.155067332142244e-13, -7.4332309954665e-14, 3.273514534667743e-13, 9.365954520567392e-14] 
  train error = 799574920207.4207 
 Validation error = 972991813709.1375

Mutated child : [-4.0002791125872605e-13, -0.49158174654865217, 0.0, -7.255162441758464e-13, -1.0885769964104235, 0.0, 0.053478897409674334, 2.0092427758584456e-13, 2.971114310448713e-14, 3.484456586078707e-13, 0.0] 
  train error = 738251124238.87 
 Validation error = 863508732521.3733

Mutated child : [1.9523062735195426e-13, -0.49158174654865217, 2.154548616144511e-13, -7.255162441758464e-13, -1.108405338273342, 0.0, 0.05452555561975962, 1.2088012721073009e-13, 0.0, 3.4292475142561033e-13, 0.0] 
  train error = 788302734856.706 
 Validation error = 952042716473.4768

Mutated child : [-2.132078280198115e-13, -0.5255608247318078, 0.0, 0.010607734293319081, -1.1606496732007374, 0.0, 0.053434810897417834, 2.043082808536695e-13, -7.71873574722664e-14, 3.583801060199992e-13, 9.223293692500216e-14] 
  train error = 928375780333.7826 
 Validation error = 1202133011847.6746

Generation :  1
Parents for the generation are: 
[
 [2.0346083107160495e-13, -0.5157297478436534, -5.060518900208881e-14, 0.0, -1.060997327039676, 0.0, 0.05169610919602309, 0.0, -1.1736353689553447e-13, 3.4292475142561033e-13, 9.365954520567392e-14], 

 [1.9523062735195426e-13, -0.49158174654865217, 0.0, 0.010607734293319081, -1.0885769964104235, 0.0, 0.053478897409674334, 1.2088012721073009e-13, 0.0, 3.4292475142561033e-13, 9.365954520567392e-14], 

 [0.0, -0.30504147319365305, 0.0, -2.642432518887446e-13, -1.087961824325605, 0.0, 0.053478897409674334, -6.397267147383974e-14, -1.1616425293937327e-13, -1.5567812739658495e-13, 0.0], 

 [-2.1733149203442173e-13, -0.30504147319365305, 0.0, -2.6925564481630853e-13, -1.065611997489501, 0.0, 0.05274610446535072, -6.355614995200457e-14, -1.1110089011227535e-13, -1.479421431466125e-13, -2.59979655152829e-13], 

 [2.0346083107160495e-13, -0.5001350851862352, -4.9339021986209494e-14, 0.0, -1.087961824325605, 0.0, 0.0498969325309425, 0.0, -1.1736353689553447e-13, 3.5237832300195816e-13, 9.365954520567392e-14], 

 [-4.0002791125872605e-13, -0.49158174654865217, 0.0, -7.255162441758464e-13, -1.0885769964104235, 0.0, 0.053478897409674334, 2.0092427758584456e-13, 2.971114310448713e-14, 3.484456586078707e-13, 0.0], 

 [2.0346083107160495e-13, -0.5179785706051475, -5.060518900208881e-14, 0.0, -1.0954641685485258, 0.0, 0.05797200938960701, 1.9511440859093755e-13, -7.4332309954665e-14, 3.4292475142561033e-13, 0.0], 

 [0.0, -0.5157297478436534, 0.0, -7.397251922678524e-13, -1.106115646672644, 0.0, 0.05089717060909249, -1.7472249172442977e-13, -1.1736353689553447e-13, 3.484456586078707e-13, 9.365954520567392e-14], 

 [1.9523062735195426e-13, -0.49158174654865217, 2.154548616144511e-13, -7.255162441758464e-13, -1.108405338273342, 0.0, 0.05452555561975962, 1.2088012721073009e-13, 0.0, 3.4292475142561033e-13, 0.0], 

 [1.9477820387926462e-13, -0.5059184085721675, 0.0, 0.010607734293319081, -1.1142861751036666, 0.0, 0.05442081750999541, 1.155067332142244e-13, -7.4332309954665e-14, 3.273514534667743e-13, 9.365954520567392e-14], 

 [0.0, -0.29128413565796385, 8.330543214364363e-15, -2.6101646353364635e-13, -1.1142861751036666, 0.0, 0.05165307256936385, -6.176472670423516e-14, -1.149056442156362e-13, -1.5567812739658495e-13, -8.445309396521263e-14], 

 [0.0, -0.30504147319365305, 0.0, -2.642432518887446e-13, -1.1211715832347207, 0.0, 0.053478897409674334, -6.397267147383974e-14, -1.1616425293937327e-13, 0.0, 0.0], 

 [-4.687188190940661e-13, -0.30108254360123016, 0.0, -2.642432518887446e-13, -1.1284218672807917, 0.0, 0.05572425920031011, -6.28734002996575e-14, -7.4332309954665e-14, 3.0181231844914655e-13, -3.3589207889586976e-13], 

 [0.0, -0.30504147319365305, 0.0, -2.636273557265022e-13, -1.136946288179649, 0.0, 0.053478897409674334, 0.0, -1.1210367983890668e-13, 0.0, 0.0], 

 [1.9523062735195426e-13, -0.49158174654865217, 0.0, 0.010594281701122464, -1.143920194519226, 0.0, 0.053478897409674334, 0.0, 0.0, 3.4292475142561033e-13, 0.0], 

]
Cross over

Parents : [2.0346083107160495e-13, -0.5001350851862352, -4.9339021986209494e-14, 0.0, -1.087961824325605, 0.0, 0.0498969325309425, 0.0, -1.1736353689553447e-13, 3.5237832300195816e-13, 9.365954520567392e-14] X [2.0346083107160495e-13, -0.5157297478436534, -5.060518900208881e-14, 0.0, -1.060997327039676, 0.0, 0.05169610919602309, 0.0, -1.1736353689553447e-13, 3.4292475142561033e-13, 9.365954520567392e-14] ------>  
Children : [2.0346083107160495e-13, -0.5157297478436534, -4.9339021986209494e-14, 0.0, -1.060997327039676, 0.0, 0.05169610919602309, 0.0, -1.1736353689553447e-13, 3.4292475142561033e-13, 9.365954520567392e-14] + [2.0346083107160495e-13, -0.5001350851862352, -5.060518900208881e-14, 0.0, -1.087961824325605, 0.0, 0.0498969325309425, 0.0, -1.1736353689553447e-13, 3.5237832300195816e-13, 9.365954520567392e-14]
<------------------->

Parents : [-2.1733149203442173e-13, -0.30504147319365305, 0.0, -2.6925564481630853e-13, -1.065611997489501, 0.0, 0.05274610446535072, -6.355614995200457e-14, -1.1110089011227535e-13, -1.479421431466125e-13, -2.59979655152829e-13] X [2.0346083107160495e-13, -0.5157297478436534, -5.060518900208881e-14, 0.0, -1.060997327039676, 0.0, 0.05169610919602309, 0.0, -1.1736353689553447e-13, 3.4292475142561033e-13, 9.365954520567392e-14] ------>  
Children : [2.0346083107160495e-13, -0.30504147319365305, 0.0, 0.0, -1.060997327039676, 0.0, 0.05169610919602309, 0.0, -1.1736353689553447e-13, 3.4292475142561033e-13, 9.365954520567392e-14] + [-2.1733149203442173e-13, -0.5157297478436534, -5.060518900208881e-14, -2.6925564481630853e-13, -1.065611997489501, 0.0, 0.05274610446535072, -6.355614995200457e-14, -1.1110089011227535e-13, -1.479421431466125e-13, -2.59979655152829e-13]
<------------------->

Parents : [-2.1733149203442173e-13, -0.30504147319365305, 0.0, -2.6925564481630853e-13, -1.065611997489501, 0.0, 0.05274610446535072, -6.355614995200457e-14, -1.1110089011227535e-13, -1.479421431466125e-13, -2.59979655152829e-13] X [0.0, -0.30504147319365305, 0.0, -2.642432518887446e-13, -1.087961824325605, 0.0, 0.053478897409674334, -6.397267147383974e-14, -1.1616425293937327e-13, -1.5567812739658495e-13, 0.0] ------>  
Children : [-2.1733149203442173e-13, -0.30504147319365305, 0.0, -2.642432518887446e-13, -1.065611997489501, 0.0, 0.053478897409674334, -6.397267147383974e-14, -1.1616425293937327e-13, -1.5567812739658495e-13, -2.59979655152829e-13] + [0.0, -0.30504147319365305, 0.0, -2.6925564481630853e-13, -1.087961824325605, 0.0, 0.05274610446535072, -6.355614995200457e-14, -1.1110089011227535e-13, -1.479421431466125e-13, 0.0]
<------------------->

Parents : [2.0346083107160495e-13, -0.5001350851862352, -4.9339021986209494e-14, 0.0, -1.087961824325605, 0.0, 0.0498969325309425, 0.0, -1.1736353689553447e-13, 3.5237832300195816e-13, 9.365954520567392e-14] X [0.0, -0.30504147319365305, 0.0, -2.642432518887446e-13, -1.087961824325605, 0.0, 0.053478897409674334, -6.397267147383974e-14, -1.1616425293937327e-13, -1.5567812739658495e-13, 0.0] ------>  
Children : [2.0346083107160495e-13, -0.30504147319365305, -4.9339021986209494e-14, -2.642432518887446e-13, -1.087961824325605, 0.0, 0.053478897409674334, 0.0, -1.1616425293937327e-13, -1.5567812739658495e-13, 0.0] + [0.0, -0.5001350851862352, 0.0, 0.0, -1.087961824325605, 0.0, 0.0498969325309425, -6.397267147383974e-14, -1.1736353689553447e-13, 3.5237832300195816e-13, 9.365954520567392e-14]
<------------------->

Parents : [2.0346083107160495e-13, -0.5157297478436534, -5.060518900208881e-14, 0.0, -1.060997327039676, 0.0, 0.05169610919602309, 0.0, -1.1736353689553447e-13, 3.4292475142561033e-13, 9.365954520567392e-14] X [1.9523062735195426e-13, -0.49158174654865217, 0.0, 0.010607734293319081, -1.0885769964104235, 0.0, 0.053478897409674334, 1.2088012721073009e-13, 0.0, 3.4292475142561033e-13, 9.365954520567392e-14] ------>  
Children : [1.9523062735195426e-13, -0.49158174654865217, 0.0, 0.010607734293319081, -1.0885769964104235, 0.0, 0.05169610919602309, 1.2088012721073009e-13, -1.1736353689553447e-13, 3.4292475142561033e-13, 9.365954520567392e-14] + [2.0346083107160495e-13, -0.5157297478436534, -5.060518900208881e-14, 0.0, -1.060997327039676, 0.0, 0.053478897409674334, 0.0, 0.0, 3.4292475142561033e-13, 9.365954520567392e-14]
<------------------->

MUTATION 

Mutated child : [2.0346083107160495e-13, -0.5157297478436534, -4.9339021986209494e-14, -2.0637167117996653e-13, -1.0646784911347655, 0.0, 0.05169610919602309, 7.38487047156882e-14, -1.1736353689553447e-13, 3.431585615735159e-13, 9.546786162567138e-14] 
  train error = 678293849893.3696 
 Validation error = 758749396505.3124

Mutated child : [2.0346083107160495e-13, -0.5001350851862352, -5.060518900208881e-14, 0.0, -1.097425108377305, 0.0, 0.0498969325309425, 0.0, -1.1736353689553447e-13, 3.5237832300195816e-13, 9.365954520567392e-14] 
  train error = 756954867767.1537 
 Validation error = 897386753412.7307

Mutated child : [1.9743714583501875e-13, -0.30090024866332193, 0.0, 2.0261695359209545e-13, -1.0794456857470083, -1.5431467507770148e-13, 0.05123369347426697, 0.0, -1.1736353689553447e-13, 3.4292475142561033e-13, 9.745429498102563e-14] 
  train error = 8879297656330653.0 
 Validation error = 9045969842161528.0

Mutated child : [-2.1733149203442173e-13, -0.5157297478436534, -5.060518900208881e-14, -2.6925564481630853e-13, -1.1101628607913037, 0.0, 0.05274610446535072, -6.355614995200457e-14, -1.1110089011227535e-13, -1.479421431466125e-13, -2.59979655152829e-13] 
  train error = 802692884128.1372 
 Validation error = 975153886036.3961

Mutated child : [-2.147325640954893e-13, -0.30504147319365305, 2.1703076869994012e-13, -2.642432518887446e-13, -1.0841298482214659, 0.0, 0.055220210435682766, -6.344836294773069e-14, -1.1538248326284396e-13, -1.5135974892394097e-13, -2.561258714815842e-13] 
  train error = 736581026373.3445 
 Validation error = 858177493565.3372

Mutated child : [2.0161123841331924e-13, -0.5142483035000007, 0.0, 0.0, -1.1401043006516147, 0.0, 0.05127765960221812, 0.0, -1.1922151586807678e-13, 3.575914742712012e-13, 9.707226577737244e-14] 
  train error = 737101362882.7703 
 Validation error = 861374958698.1919

Mutated child : [2.0874733496230537e-13, -0.3124576957897024, -4.9339021986209494e-14, -2.642432518887446e-13, -1.087961824325605, 0.0, 0.053478897409674334, 0.0, -1.1973805119826198e-13, -1.5567812739658495e-13, 1.996335667198834e-13] 
  train error = 730209219417.1775 
 Validation error = 850979732376.8635

Mutated child : [0.0, -0.5117290557228121, 0.0, 0.0, -1.087961824325605, 0.0, 0.0498969325309425, -6.397267147383974e-14, -1.1736353689553447e-13, 3.569432237997174e-13, 9.365954520567392e-14] 
  train error = 733497319812.4792 
 Validation error = 855948967675.1884

Mutated child : [1.9523062735195426e-13, -0.49158174654865217, 0.0, 0.010283517726861318, -1.0885769964104235, 0.0, 0.05169610919602309, 1.2088012721073009e-13, -1.1736353689553447e-13, 3.4292475142561033e-13, 9.365954520567392e-14] 
  train error = 734384711591.0173 
 Validation error = 857676285823.7017

Mutated child : [2.0346083107160495e-13, -0.5157297478436534, -5.060518900208881e-14, 0.0, -1.060997327039676, -4.684602058516915e-13, 0.053478897409674334, 0.0, 0.0, 3.4292475142561033e-13, 9.365954520567392e-14] 
  train error = 8.089312266579797e+16 
 Validation error = 8.234265129274098e+16