


initial population  : 
  
 vector : [0.0, -0.3050257425523439, 0.0, 0.0, -1.143920194519226, 0.0, 0.053478897409674334, 0.0, 0.0, 0.0, 0.0]  ,  
  train error = 884797200310.6501 
 Validation error = 1123440133872.934

vector : [-0.06477202354163335, -0.3050257425523439, 0.0, 0.20979620531343626, -1.143920194519226, 0.0, 0.053478897409674334, 0.0, 0.19196598672367202, -0.011629144481156753, 0.0] , 
  train error = 1.1852393150338723e+25 
 Validation error = 2.1578082943515356e+25

vector : [0.0, -0.3050257425523439, 0.4903064273730627, 0.0, -1.143920194519226, 0.0, 0.053478897409674334, 0.38718157467691533, 0.010216672235295711, 0.27727630298026196, 0.0] , 
  train error = 1.4867683080264356e+28 
 Validation error = 2.8504488288735017e+28

vector : [-0.49999006095125903, -0.9537113041701228, 0.0, 0.714152860219694, -1.143920194519226, -0.39037548495710794, 0.053478897409674334, 0.0, 0.0, 0.0, 0.0] , 
  train error = 5.587027024195891e+40 
 Validation error = 5.685394975395721e+40

vector : [0.0, -0.3050257425523439, -0.32247145971449687, -0.11915732406146526, -1.143920194519226, 0.0, 0.053478897409674334, 0.4828627486119494, 0.0, 0.3302110517573536, -0.08958201511865126] , 
  train error = 3.1193425543659866e+30 
 Validation error = 5.876491184067337e+30

vector : [0.0, -0.3050257425523439, 0.0, 0.0, -1.143920194519226, 0.0, -0.10779567427192814, 0.0, -0.11859528145631296, 0.0, 0.0] , 
  train error = 1.1614655192373571e+24 
 Validation error = 2.2518107852116278e+24

vector : [0.0, -0.8708070886905059, 0.7718906296596515, 0.0, -1.143920194519226, 0.0, 0.053478897409674334, 0.0, -0.3496658766458268, -0.11651079431121336, 0.0] , 
  train error = 2.94344610868776e+27 
 Validation error = 5.665126348889027e+27

vector : [0.0, -0.3050257425523439, 0.0, -0.03142302358456955, -1.143920194519226, 0.0, 0.10188214073322896, 0.0, 0.25961359117402133, 0.0, 0.014661902527717608] , 
  train error = 9.903639928755832e+28 
 Validation error = 1.87401795351628e+29

vector : [0.0, -0.3050257425523439, 0.0, 0.0, -1.143920194519226, -0.3560139018876016, 0.0512384719527507, -0.07616865494204829, 0.0, 0.0, 0.47996568749423424] , 
  train error = 4.646351414984468e+40 
 Validation error = 4.72801803794851e+40

vector : [0.0, -0.3050257425523439, 0.20699067755351946, 0.0, -1.143920194519226, 0.3342150037802314, 0.32465065279524796, 0.0, 0.0, -0.28415467678237605, -0.14383584540928834] , 
  train error = 4.0950113855300856e+40 
 Validation error = 4.1670693534859225e+40

vector : [0.0, -0.3154574441658211, 0.0, 0.0, -1.446345084884634, 0.1888520338978997, 0.053478897409674334, 0.0, 0.0, -0.4842617410253372, 0.0] , 
  train error = 1.3075478240650593e+40 
 Validation error = 1.330567594240556e+40

vector : [0.0, -0.3050257425523439, 0.0, 0.0, -1.143920194519226, 0.0, 0.053478897409674334, 0.018879285266781804, -0.1548804225148966, -0.30706612053475774, 0.0] , 
  train error = 1.8554328148204078e+28 
 Validation error = 3.5595963409065455e+28

vector : [0.0, -0.9655889093974954, -0.40628713165367397, 0.02007830671351569, -0.6902955705178435, 0.0, 0.053478897409674334, 0.0, 0.0, 0.0, 0.0] , 
  train error = 290159916632.814 
 Validation error = 137427828585.19661

vector : [0.0, -1.4005224402870355, 0.0, 0.26027560635322644, -0.798115843310168, 0.0, 0.053478897409674334, 0.0, 0.21357228811044357, 0.0, 0.0] , 
  train error = 3.7666950398675176e+24 
 Validation error = 7.302746543572247e+24

vector : [-0.012381986508675502, -0.5692332807706406, 0.0, 0.0, -1.143920194519226, 0.5025188054451482, 0.053478897409674334, 0.0, 0.0, 0.0, -0.6848658530480304] , 
  train error = 9.257257994072863e+40 
 Validation error = 9.419965216216963e+40

Generation :  0
Parents for the generation are: 
[
 [0.0, -0.9655889093974954, -0.40628713165367397, 0.02007830671351569, -0.6902955705178435, 0.0, 0.053478897409674334, 0.0, 0.0, 0.0, 0.0], 

 [0.0, -0.3050257425523439, 0.0, 0.0, -1.143920194519226, 0.0, 0.053478897409674334, 0.0, 0.0, 0.0, 0.0], 

 [0.0, -0.3050257425523439, 0.0, 0.0, -1.143920194519226, 0.0, -0.10779567427192814, 0.0, -0.11859528145631296, 0.0, 0.0], 

 [0.0, -1.4005224402870355, 0.0, 0.26027560635322644, -0.798115843310168, 0.0, 0.053478897409674334, 0.0, 0.21357228811044357, 0.0, 0.0], 

 [-0.06477202354163335, -0.3050257425523439, 0.0, 0.20979620531343626, -1.143920194519226, 0.0, 0.053478897409674334, 0.0, 0.19196598672367202, -0.011629144481156753, 0.0], 

 [0.0, -0.8708070886905059, 0.7718906296596515, 0.0, -1.143920194519226, 0.0, 0.053478897409674334, 0.0, -0.3496658766458268, -0.11651079431121336, 0.0], 

 [0.0, -0.3050257425523439, 0.4903064273730627, 0.0, -1.143920194519226, 0.0, 0.053478897409674334, 0.38718157467691533, 0.010216672235295711, 0.27727630298026196, 0.0], 

 [0.0, -0.3050257425523439, 0.0, 0.0, -1.143920194519226, 0.0, 0.053478897409674334, 0.018879285266781804, -0.1548804225148966, -0.30706612053475774, 0.0], 

 [0.0, -0.3050257425523439, 0.0, -0.03142302358456955, -1.143920194519226, 0.0, 0.10188214073322896, 0.0, 0.25961359117402133, 0.0, 0.014661902527717608], 

 [0.0, -0.3050257425523439, -0.32247145971449687, -0.11915732406146526, -1.143920194519226, 0.0, 0.053478897409674334, 0.4828627486119494, 0.0, 0.3302110517573536, -0.08958201511865126], 

 [0.0, -0.3154574441658211, 0.0, 0.0, -1.446345084884634, 0.1888520338978997, 0.053478897409674334, 0.0, 0.0, -0.4842617410253372, 0.0], 

 [0.0, -0.3050257425523439, 0.20699067755351946, 0.0, -1.143920194519226, 0.3342150037802314, 0.32465065279524796, 0.0, 0.0, -0.28415467678237605, -0.14383584540928834], 

 [0.0, -0.3050257425523439, 0.0, 0.0, -1.143920194519226, -0.3560139018876016, 0.0512384719527507, -0.07616865494204829, 0.0, 0.0, 0.47996568749423424], 

 [-0.49999006095125903, -0.9537113041701228, 0.0, 0.714152860219694, -1.143920194519226, -0.39037548495710794, 0.053478897409674334, 0.0, 0.0, 0.0, 0.0], 

 [-0.012381986508675502, -0.5692332807706406, 0.0, 0.0, -1.143920194519226, 0.5025188054451482, 0.053478897409674334, 0.0, 0.0, 0.0, -0.6848658530480304], 

]
Cross over

Parents : [0.0, -0.9655889093974954, -0.40628713165367397, 0.02007830671351569, -0.6902955705178435, 0.0, 0.053478897409674334, 0.0, 0.0, 0.0, 0.0] X [0.0, -0.3050257425523439, 0.0, 0.0, -1.143920194519226, 0.0, 0.053478897409674334, 0.0, 0.0, 0.0, 0.0] ------>  
Children : [0.0, -0.3050257425523439, 0.0, 0.0, -1.143920194519226, 0.0, 0.053478897409674334, 0.0, 0.0, 0.0, 0.0] + [0.0, -0.9655889093974954, -0.40628713165367397, 0.02007830671351569, -0.6902955705178435, 0.0, 0.053478897409674334, 0.0, 0.0, 0.0, 0.0]
<------------------->

Parents : [0.0, -0.9655889093974954, -0.40628713165367397, 0.02007830671351569, -0.6902955705178435, 0.0, 0.053478897409674334, 0.0, 0.0, 0.0, 0.0] X [0.0, -0.3050257425523439, 0.0, 0.0, -1.143920194519226, 0.0, 0.053478897409674334, 0.0, 0.0, 0.0, 0.0] ------>  
Children : [0.0, -0.3050257425523439, 0.0, 0.0, -0.6902955705178435, 0.0, 0.053478897409674334, 0.0, 0.0, 0.0, 0.0] + [0.0, -0.9655889093974954, -0.40628713165367397, 0.02007830671351569, -1.143920194519226, 0.0, 0.053478897409674334, 0.0, 0.0, 0.0, 0.0]
<------------------->

Parents : [0.0, -0.3050257425523439, 0.0, 0.0, -1.143920194519226, 0.0, 0.053478897409674334, 0.0, 0.0, 0.0, 0.0] X [0.0, -0.9655889093974954, -0.40628713165367397, 0.02007830671351569, -0.6902955705178435, 0.0, 0.053478897409674334, 0.0, 0.0, 0.0, 0.0] ------>  
Children : [0.0, -0.9655889093974954, 0.0, 0.02007830671351569, -0.6902955705178435, 0.0, 0.053478897409674334, 0.0, 0.0, 0.0, 0.0] + [0.0, -0.3050257425523439, -0.40628713165367397, 0.0, -1.143920194519226, 0.0, 0.053478897409674334, 0.0, 0.0, 0.0, 0.0]
<------------------->

Parents : [0.0, -0.9655889093974954, -0.40628713165367397, 0.02007830671351569, -0.6902955705178435, 0.0, 0.053478897409674334, 0.0, 0.0, 0.0, 0.0] X [0.0, -0.3050257425523439, 0.0, 0.0, -1.143920194519226, 0.0, 0.053478897409674334, 0.0, 0.0, 0.0, 0.0] ------>  
Children : [0.0, -0.9655889093974954, 0.0, 0.0, -1.143920194519226, 0.0, 0.053478897409674334, 0.0, 0.0, 0.0, 0.0] + [0.0, -0.3050257425523439, -0.40628713165367397, 0.02007830671351569, -0.6902955705178435, 0.0, 0.053478897409674334, 0.0, 0.0, 0.0, 0.0]
<------------------->

Parents : [0.0, -0.9655889093974954, -0.40628713165367397, 0.02007830671351569, -0.6902955705178435, 0.0, 0.053478897409674334, 0.0, 0.0, 0.0, 0.0] X [0.0, -0.3050257425523439, 0.0, 0.0, -1.143920194519226, 0.0, 0.053478897409674334, 0.0, 0.0, 0.0, 0.0] ------>  
Children : [0.0, -0.3050257425523439, -0.40628713165367397, 0.0, -1.143920194519226, 0.0, 0.053478897409674334, 0.0, 0.0, 0.0, 0.0] + [0.0, -0.9655889093974954, 0.0, 0.02007830671351569, -0.6902955705178435, 0.0, 0.053478897409674334, 0.0, 0.0, 0.0, 0.0]
<------------------->

MUTATION 

Mutated child : [-1.3520126827252165e-13, -0.3050257425523439, 0.0, 0.0, -1.0988174918236668, 0.0, 0.052066570104517866, 0.0, 0.0, 0.0, -5.28847029380993e-13] 
  train error = 782881529067.0703 
 Validation error = 937679671703.6527

Mutated child : [0.0, -0.9655889093974954, -0.40628713165367397, 0.02007830671351569, -0.7015415968241754, 0.0, 0.053526671822702196, 0.0, 0.0, 5.90138631143916e-14, 0.0] 
  train error = 288207965088.60315 
 Validation error = 130417745521.08823

Mutated child : [0.0, -0.29971404635638177, 0.0, 4.59908336650122e-14, -0.6902955705178435, 0.0, 0.053478897409674334, 0.0, 0.0, 0.0, 2.9403084840657165e-13] 
  train error = 288955244539.5746 
 Validation error = 138306041722.70355

Mutated child : [-3.796253786160957e-14, -0.9490413224104838, -0.40628713165367397, 0.02007830671351569, -1.0985690492625015, 0.0, 0.053478897409674334, 0.0, 0.0, 0.0, 0.0] 
  train error = 762592014530.1012 
 Validation error = 906827204303.7009

Mutated child : [0.0, -0.9442758036586326, 0.0, 0.019210855579113558, -0.659299213505731, 0.0, 0.053478897409674334, 1.4567133206704986e-13, 0.0, 0.0, 0.0] 
  train error = 300090913110.3165 
 Validation error = 165252935224.77396

Mutated child : [0.0, -0.31948096353526295, -0.39047674439026714, 0.0, -1.1817921037411747, 0.0, 0.053478897409674334, -7.151237113087883e-13, 0.0, 6.250776498245065e-14, 4.794857478348901e-14] 
  train error = 995214964614.2496 
 Validation error = 1321133594392.8677

Mutated child : [4.453704841737617e-13, -0.9778767069019327, -1.5708097531080234e-13, 5.6460287246612e-14, -1.185762494595836, 0.0, 0.05610641883599114, 0.0, 0.0, 0.0, 0.0] 
  train error = 1009045398141.405 
 Validation error = 1345407910615.9624

Mutated child : [0.0, -0.3184450091959664, -0.40628713165367397, 0.020017147471517817, -0.6902955705178435, 0.0, 0.053478897409674334, 0.0, 0.0, -2.2480143775125551e-13, -2.7891590758024316e-14] 
  train error = 290367377558.77423 
 Validation error = 137323356351.08199

Mutated child : [0.0, -0.3138063715723556, -0.3877547337691642, 0.0, -1.1412470158961214, 0.0, 0.052753305048891086, 1.5824592242363774e-13, 0.0, 0.0, -1.2773648413974566e-13] 
  train error = 882641516829.5198 
 Validation error = 1118548386294.1252

Mutated child : [0.0, -0.95634438132938, 7.28927781024522e-13, 0.019589220182707458, -0.6902955705178435, -3.017942155639405e-13, 0.053478897409674334, 0.0, -3.8517308225712175e-13, 0.0, 0.0] 
  train error = 3.348972982240751e+16 
 Validation error = 3.4019332244167508e+16

Generation :  1
Parents for the generation are: 
[
 [0.0, -0.9655889093974954, -0.40628713165367397, 0.02007830671351569, -0.6902955705178435, 0.0, 0.053478897409674334, 0.0, 0.0, 0.0, 0.0], 

 [0.0, -0.3050257425523439, 0.0, 0.0, -1.143920194519226, 0.0, 0.053478897409674334, 0.0, 0.0, 0.0, 0.0], 

 [0.0, -0.3050257425523439, 0.0, 0.0, -1.143920194519226, 0.0, -0.10779567427192814, 0.0, -0.11859528145631296, 0.0, 0.0], 

 [0.0, -0.9442758036586326, 0.0, 0.019210855579113558, -0.659299213505731, 0.0, 0.053478897409674334, 1.4567133206704986e-13, 0.0, 0.0, 0.0], 

 [-3.796253786160957e-14, -0.9490413224104838, -0.40628713165367397, 0.02007830671351569, -1.0985690492625015, 0.0, 0.053478897409674334, 0.0, 0.0, 0.0, 0.0], 

 [0.0, -0.29971404635638177, 0.0, 4.59908336650122e-14, -0.6902955705178435, 0.0, 0.053478897409674334, 0.0, 0.0, 0.0, 2.9403084840657165e-13], 

 [0.0, -0.3184450091959664, -0.40628713165367397, 0.020017147471517817, -0.6902955705178435, 0.0, 0.053478897409674334, 0.0, 0.0, -2.2480143775125551e-13, -2.7891590758024316e-14], 

 [-1.3520126827252165e-13, -0.3050257425523439, 0.0, 0.0, -1.0988174918236668, 0.0, 0.052066570104517866, 0.0, 0.0, 0.0, -5.28847029380993e-13], 

 [0.0, -0.9655889093974954, -0.40628713165367397, 0.02007830671351569, -0.7015415968241754, 0.0, 0.053526671822702196, 0.0, 0.0, 5.90138631143916e-14, 0.0], 

 [0.0, -0.3138063715723556, -0.3877547337691642, 0.0, -1.1412470158961214, 0.0, 0.052753305048891086, 1.5824592242363774e-13, 0.0, 0.0, -1.2773648413974566e-13], 

 [4.453704841737617e-13, -0.9778767069019327, -1.5708097531080234e-13, 5.6460287246612e-14, -1.185762494595836, 0.0, 0.05610641883599114, 0.0, 0.0, 0.0, 0.0], 

 [0.0, -0.95634438132938, 7.28927781024522e-13, 0.019589220182707458, -0.6902955705178435, -3.017942155639405e-13, 0.053478897409674334, 0.0, -3.8517308225712175e-13, 0.0, 0.0], 

 [0.0, -0.3050257425523439, 0.4903064273730627, 0.0, -1.143920194519226, 0.0, 0.053478897409674334, 0.38718157467691533, 0.010216672235295711, 0.27727630298026196, 0.0], 

 [0.0, -0.3050257425523439, 0.0, 0.0, -1.143920194519226, 0.0, 0.053478897409674334, 0.018879285266781804, -0.1548804225148966, -0.30706612053475774, 0.0], 

 [0.0, -0.3050257425523439, 0.0, -0.03142302358456955, -1.143920194519226, 0.0, 0.10188214073322896, 0.0, 0.25961359117402133, 0.0, 0.014661902527717608], 

]
Cross over

Parents : [0.0, -0.9655889093974954, -0.40628713165367397, 0.02007830671351569, -0.6902955705178435, 0.0, 0.053478897409674334, 0.0, 0.0, 0.0, 0.0] X [0.0, -0.9442758036586326, 0.0, 0.019210855579113558, -0.659299213505731, 0.0, 0.053478897409674334, 1.4567133206704986e-13, 0.0, 0.0, 0.0] ------>  
Children : [0.0, -0.9655889093974954, -0.40628713165367397, 0.019210855579113558, -0.659299213505731, 0.0, 0.053478897409674334, 1.4567133206704986e-13, 0.0, 0.0, 0.0] + [0.0, -0.9442758036586326, 0.0, 0.02007830671351569, -0.6902955705178435, 0.0, 0.053478897409674334, 0.0, 0.0, 0.0, 0.0]
<------------------->

Parents : [0.0, -0.29971404635638177, 0.0, 4.59908336650122e-14, -0.6902955705178435, 0.0, 0.053478897409674334, 0.0, 0.0, 0.0, 2.9403084840657165e-13] X [0.0, -0.9442758036586326, 0.0, 0.019210855579113558, -0.659299213505731, 0.0, 0.053478897409674334, 1.4567133206704986e-13, 0.0, 0.0, 0.0] ------>  
Children : [0.0, -0.9442758036586326, 0.0, 0.019210855579113558, -0.659299213505731, 0.0, 0.053478897409674334, 1.4567133206704986e-13, 0.0, 0.0, 2.9403084840657165e-13] + [0.0, -0.29971404635638177, 0.0, 4.59908336650122e-14, -0.6902955705178435, 0.0, 0.053478897409674334, 0.0, 0.0, 0.0, 0.0]
<------------------->

Parents : [0.0, -0.3184450091959664, -0.40628713165367397, 0.020017147471517817, -0.6902955705178435, 0.0, 0.053478897409674334, 0.0, 0.0, -2.2480143775125551e-13, -2.7891590758024316e-14] X [0.0, -0.29971404635638177, 0.0, 4.59908336650122e-14, -0.6902955705178435, 0.0, 0.053478897409674334, 0.0, 0.0, 0.0, 2.9403084840657165e-13] ------>  
Children : [0.0, -0.29971404635638177, 0.0, 4.59908336650122e-14, -0.6902955705178435, 0.0, 0.053478897409674334, 0.0, 0.0, -2.2480143775125551e-13, 2.9403084840657165e-13] + [0.0, -0.3184450091959664, -0.40628713165367397, 0.020017147471517817, -0.6902955705178435, 0.0, 0.053478897409674334, 0.0, 0.0, 0.0, -2.7891590758024316e-14]
<------------------->

Parents : [0.0, -0.3184450091959664, -0.40628713165367397, 0.020017147471517817, -0.6902955705178435, 0.0, 0.053478897409674334, 0.0, 0.0, -2.2480143775125551e-13, -2.7891590758024316e-14] X [0.0, -0.29971404635638177, 0.0, 4.59908336650122e-14, -0.6902955705178435, 0.0, 0.053478897409674334, 0.0, 0.0, 0.0, 2.9403084840657165e-13] ------>  
Children : [0.0, -0.29971404635638177, 0.0, 4.59908336650122e-14, -0.6902955705178435, 0.0, 0.053478897409674334, 0.0, 0.0, -2.2480143775125551e-13, 2.9403084840657165e-13] + [0.0, -0.3184450091959664, -0.40628713165367397, 0.020017147471517817, -0.6902955705178435, 0.0, 0.053478897409674334, 0.0, 0.0, 0.0, -2.7891590758024316e-14]
<------------------->

Parents : [0.0, -0.29971404635638177, 0.0, 4.59908336650122e-14, -0.6902955705178435, 0.0, 0.053478897409674334, 0.0, 0.0, 0.0, 2.9403084840657165e-13] X [0.0, -0.3184450091959664, -0.40628713165367397, 0.020017147471517817, -0.6902955705178435, 0.0, 0.053478897409674334, 0.0, 0.0, -2.2480143775125551e-13, -2.7891590758024316e-14] ------>  
Children : [0.0, -0.29971404635638177, -0.40628713165367397, 4.59908336650122e-14, -0.6902955705178435, 0.0, 0.053478897409674334, 0.0, 0.0, -2.2480143775125551e-13, -2.7891590758024316e-14] + [0.0, -0.3184450091959664, 0.0, 0.020017147471517817, -0.6902955705178435, 0.0, 0.053478897409674334, 0.0, 0.0, 0.0, 2.9403084840657165e-13]
<------------------->

MUTATION 

Mutated child : [0.0, -0.9655889093974954, -0.40628713165367397, 0.019210855579113558, -0.659299213505731, 0.0, 0.053447578589543465, 1.4567133206704986e-13, 0.0, 0.0, 0.0] 
  train error = 299908896020.5013 
 Validation error = 165006809166.5322

Mutated child : [0.0, -0.9442758036586326, 0.0, 0.02007830671351569, -0.6902955705178435, 1.1851663003344856e-13, 0.053478897409674334, 0.0, -3.8530165696785427e-13, 0.0, 0.0] 
  train error = 5111488205393081.0 
 Validation error = 5224840486835806.0

Mutated child : [2.766367701413045e-14, -0.9873876896416297, 0.0, 0.019074207487002406, -0.659299213505731, 0.0, 0.053478897409674334, 1.524733756076589e-13, 0.0, 0.0, 3.0409461855144733e-13] 
  train error = 298928081823.48096 
 Validation error = 167656914355.53107

Mutated child : [0.0, -0.31311355299227256, 0.0, 4.59908336650122e-14, -0.6902955705178435, -2.1548587213154457e-13, 0.053478897409674334, -1.2757769613122208e-13, 0.0, 0.0, 0.0] 
  train error = 1.7093945866677754e+16 
 Validation error = 1.7352057944794932e+16

Mutated child : [0.0, -0.29971404635638177, 0.0, 4.59908336650122e-14, -0.6902955705178435, -2.5607984093978434e-13, 0.053478897409674334, 0.0, -3.497039513464382e-13, -2.2480143775125551e-13, 2.9403084840657165e-13] 
  train error = 2.412348291856328e+16 
 Validation error = 2.449671661358911e+16

Mutated child : [0.0, -0.32363668131555207, -0.40628713165367397, 0.019976222314863113, -0.6902955705178435, 0.0, 0.053478897409674334, -5.296587844934817e-13, -1.0119675363891798e-13, 1.6550092670665367e-13, -2.68437303021403e-14] 
  train error = 290288670855.3189 
 Validation error = 137357529925.58195

Mutated child : [-2.376599352733115e-13, -0.3052115894068721, 0.0, 4.6205811994769905e-14, -0.668422175352135, 0.0, 0.053478897409674334, 0.0, -4.215226469051789e-13, -2.2480143775125551e-13, 2.951164707723195e-13] 
  train error = 295632552487.95483 
 Validation error = 157327056049.28265

Mutated child : [0.0, -0.3184450091959664, -0.40628713165367397, 0.020017147471517817, -0.6902955705178435, 0.0, 0.05513695722416812, 0.0, 2.7343234185604066e-14, -2.0286068302318096e-13, -2.7891590758024316e-14] 
  train error = 290363197322.46545 
 Validation error = 137325190952.98743

Mutated child : [-5.4975030951900034e-14, -0.29141923566667643, -0.40628713165367397, 4.59908336650122e-14, -0.6902955705178435, 0.0, 0.053478897409674334, 0.0, 0.0, -2.282493388403745e-13, -2.7891590758024316e-14] 
  train error = 290820938802.901 
 Validation error = 136992318562.02373

Mutated child : [0.0, -0.3184450091959664, -3.1199300305189103e-13, 0.020017147471517817, -0.6605297560054916, 0.0, 0.053478897409674334, 0.0, 0.0, 0.0, 2.9403084840657165e-13] 
  train error = 298401794121.31555 
 Validation error = 166228087198.80585

Generation :  2
Parents for the generation are: 
[
 [0.0, -0.9442758036586326, 0.0, 0.019210855579113558, -0.659299213505731, 0.0, 0.053478897409674334, 1.4567133206704986e-13, 0.0, 0.0, 0.0], 

 [-3.796253786160957e-14, -0.9490413224104838, -0.40628713165367397, 0.02007830671351569, -1.0985690492625015, 0.0, 0.053478897409674334, 0.0, 0.0, 0.0, 0.0], 

 [0.0, -0.29971404635638177, 0.0, 4.59908336650122e-14, -0.6902955705178435, 0.0, 0.053478897409674334, 0.0, 0.0, 0.0, 2.9403084840657165e-13], 

 [2.766367701413045e-14, -0.9873876896416297, 0.0, 0.019074207487002406, -0.659299213505731, 0.0, 0.053478897409674334, 1.524733756076589e-13, 0.0, 0.0, 3.0409461855144733e-13], 

 [0.0, -0.3184450091959664, -3.1199300305189103e-13, 0.020017147471517817, -0.6605297560054916, 0.0, 0.053478897409674334, 0.0, 0.0, 0.0, 2.9403084840657165e-13], 

 [0.0, -0.9655889093974954, -0.40628713165367397, 0.019210855579113558, -0.659299213505731, 0.0, 0.053447578589543465, 1.4567133206704986e-13, 0.0, 0.0, 0.0], 

 [-2.376599352733115e-13, -0.3052115894068721, 0.0, 4.6205811994769905e-14, -0.668422175352135, 0.0, 0.053478897409674334, 0.0, -4.215226469051789e-13, -2.2480143775125551e-13, 2.951164707723195e-13], 

 [0.0, -0.32363668131555207, -0.40628713165367397, 0.019976222314863113, -0.6902955705178435, 0.0, 0.053478897409674334, -5.296587844934817e-13, -1.0119675363891798e-13, 1.6550092670665367e-13, -2.68437303021403e-14], 

 [0.0, -0.3184450091959664, -0.40628713165367397, 0.020017147471517817, -0.6902955705178435, 0.0, 0.05513695722416812, 0.0, 2.7343234185604066e-14, -2.0286068302318096e-13, -2.7891590758024316e-14], 

 [-5.4975030951900034e-14, -0.29141923566667643, -0.40628713165367397, 4.59908336650122e-14, -0.6902955705178435, 0.0, 0.053478897409674334, 0.0, 0.0, -2.282493388403745e-13, -2.7891590758024316e-14], 

 [0.0, -0.9655889093974954, -0.40628713165367397, 0.02007830671351569, -0.7015415968241754, 0.0, 0.053526671822702196, 0.0, 0.0, 5.90138631143916e-14, 0.0], 

 [0.0, -0.3138063715723556, -0.3877547337691642, 0.0, -1.1412470158961214, 0.0, 0.052753305048891086, 1.5824592242363774e-13, 0.0, 0.0, -1.2773648413974566e-13], 

 [0.0, -0.3050257425523439, 0.0, 0.0, -1.143920194519226, 0.0, 0.053478897409674334, 0.0, 0.0, 0.0, 0.0], 

 [4.453704841737617e-13, -0.9778767069019327, -1.5708097531080234e-13, 5.6460287246612e-14, -1.185762494595836, 0.0, 0.05610641883599114, 0.0, 0.0, 0.0, 0.0], 

 [0.0, -0.31311355299227256, 0.0, 4.59908336650122e-14, -0.6902955705178435, -2.1548587213154457e-13, 0.053478897409674334, -1.2757769613122208e-13, 0.0, 0.0, 0.0], 

]
Cross over

Parents : [0.0, -0.9655889093974954, -0.40628713165367397, 0.019210855579113558, -0.659299213505731, 0.0, 0.053447578589543465, 1.4567133206704986e-13, 0.0, 0.0, 0.0] X [0.0, -0.9442758036586326, 0.0, 0.019210855579113558, -0.659299213505731, 0.0, 0.053478897409674334, 1.4567133206704986e-13, 0.0, 0.0, 0.0] ------>  
Children : [0.0, -0.9655889093974954, 0.0, 0.019210855579113558, -0.659299213505731, 0.0, 0.053478897409674334, 1.4567133206704986e-13, 0.0, 0.0, 0.0] + [0.0, -0.9442758036586326, -0.40628713165367397, 0.019210855579113558, -0.659299213505731, 0.0, 0.053447578589543465, 1.4567133206704986e-13, 0.0, 0.0, 0.0]
<------------------->

Parents : [0.0, -0.9442758036586326, 0.0, 0.019210855579113558, -0.659299213505731, 0.0, 0.053478897409674334, 1.4567133206704986e-13, 0.0, 0.0, 0.0] X [0.0, -0.3184450091959664, -3.1199300305189103e-13, 0.020017147471517817, -0.6605297560054916, 0.0, 0.053478897409674334, 0.0, 0.0, 0.0, 2.9403084840657165e-13] ------>  
Children : [0.0, -0.3184450091959664, 0.0, 0.020017147471517817, -0.6605297560054916, 0.0, 0.053478897409674334, 0.0, 0.0, 0.0, 0.0] + [0.0, -0.9442758036586326, -3.1199300305189103e-13, 0.019210855579113558, -0.659299213505731, 0.0, 0.053478897409674334, 1.4567133206704986e-13, 0.0, 0.0, 2.9403084840657165e-13]
<------------------->

Parents : [0.0, -0.3184450091959664, -3.1199300305189103e-13, 0.020017147471517817, -0.6605297560054916, 0.0, 0.053478897409674334, 0.0, 0.0, 0.0, 2.9403084840657165e-13] X [-2.376599352733115e-13, -0.3052115894068721, 0.0, 4.6205811994769905e-14, -0.668422175352135, 0.0, 0.053478897409674334, 0.0, -4.215226469051789e-13, -2.2480143775125551e-13, 2.951164707723195e-13] ------>  
Children : [0.0, -0.3184450091959664, -3.1199300305189103e-13, 4.6205811994769905e-14, -0.668422175352135, 0.0, 0.053478897409674334, 0.0, -4.215226469051789e-13, -2.2480143775125551e-13, 2.951164707723195e-13] + [-2.376599352733115e-13, -0.3052115894068721, 0.0, 0.020017147471517817, -0.6605297560054916, 0.0, 0.053478897409674334, 0.0, 0.0, 0.0, 2.9403084840657165e-13]
<------------------->

Parents : [0.0, -0.9655889093974954, -0.40628713165367397, 0.019210855579113558, -0.659299213505731, 0.0, 0.053447578589543465, 1.4567133206704986e-13, 0.0, 0.0, 0.0] X [2.766367701413045e-14, -0.9873876896416297, 0.0, 0.019074207487002406, -0.659299213505731, 0.0, 0.053478897409674334, 1.524733756076589e-13, 0.0, 0.0, 3.0409461855144733e-13] ------>  
Children : [2.766367701413045e-14, -0.9873876896416297, 0.0, 0.019210855579113558, -0.659299213505731, 0.0, 0.053478897409674334, 1.524733756076589e-13, 0.0, 0.0, 3.0409461855144733e-13] + [0.0, -0.9655889093974954, -0.40628713165367397, 0.019074207487002406, -0.659299213505731, 0.0, 0.053447578589543465, 1.4567133206704986e-13, 0.0, 0.0, 0.0]
<------------------->

Parents : [2.766367701413045e-14, -0.9873876896416297, 0.0, 0.019074207487002406, -0.659299213505731, 0.0, 0.053478897409674334, 1.524733756076589e-13, 0.0, 0.0, 3.0409461855144733e-13] X [0.0, -0.9442758036586326, 0.0, 0.019210855579113558, -0.659299213505731, 0.0, 0.053478897409674334, 1.4567133206704986e-13, 0.0, 0.0, 0.0] ------>  
Children : [0.0, -0.9873876896416297, 0.0, 0.019210855579113558, -0.659299213505731, 0.0, 0.053478897409674334, 1.4567133206704986e-13, 0.0, 0.0, 3.0409461855144733e-13] + [2.766367701413045e-14, -0.9442758036586326, 0.0, 0.019074207487002406, -0.659299213505731, 0.0, 0.053478897409674334, 1.524733756076589e-13, 0.0, 0.0, 0.0]
<------------------->

MUTATION 

Mutated child : [-3.528959356479494e-13, -0.9699915927089069, 0.0, 0.019210855579113558, -0.6816729010055009, 0.0, 0.053478897409674334, 1.401925055421532e-13, 0.0, -9.242282751529946e-15, 0.0] 
  train error = 292393032417.0807 
 Validation error = 144060855035.42285

Mutated child : [-3.2595218254223e-14, -0.9442758036586326, -0.40628713165367397, 0.019210855579113558, -0.659299213505731, 0.0, 0.053447578589543465, 1.3958939707580947e-13, 0.0, 0.0, 3.8568450137254785e-13] 
  train error = 298439098400.5574 
 Validation error = 168078757862.66843

Mutated child : [0.0, -0.3184450091959664, -1.3014932809606175e-13, 0.020017147471517817, -0.6816604921677738, 5.265058213462305e-13, 0.054129657883352875, 0.0, 0.0, -5.880369160696092e-15, 0.0] 
  train error = 1.014671441072051e+17 
 Validation error = 1.0336103657518544e+17

Mutated child : [6.704188691114902e-13, -0.9317570718560589, -3.165581646628959e-13, 0.018837103460454075, -0.6666924898972254, 0.0, 0.051174225872653384, 1.508912275271961e-13, 0.0, -2.6289276517646735e-14, 2.8263429110634766e-13] 
  train error = 295950956659.3397 
 Validation error = 159478913249.54965

Mutated child : [2.1641953146321437e-13, -0.3172219904962019, -3.1199300305189103e-13, 4.6444292997963167e-14, -0.6484774498824881, 4.495345956379317e-13, 0.053478897409674334, 0.0, -4.215226469051789e-13, -2.2378503841727505e-13, 3.00134333415643e-13] 
  train error = 7.397526928743942e+16 
 Validation error = 7.538055143555792e+16

Mutated child : [-2.3958505511850413e-13, -0.31470226766044607, 1.3031124406703185e-13, 0.019921704558529537, -0.6297489596389969, 1.7547940859406546e-13, 0.05338997296970848, 0.0, 0.0, 0.0, 2.9403084840657165e-13] 
  train error = 1.1251414869474234e+16 
 Validation error = 1.1491882009057004e+16

Mutated child : [2.8028762464978656e-14, -0.9519150678577432, 4.563694911453014e-13, 0.019210855579113558, -0.659299213505731, 0.0, 0.053478897409674334, 1.514888246091537e-13, 2.655885309891692e-13, 0.0, 3.0409461855144733e-13] 
  train error = 298924791503.40045 
 Validation error = 167662096254.0843

Mutated child : [0.0, -0.9655889093974954, -0.40628713165367397, 0.01822925599107187, -0.659299213505731, 0.0, 0.053447578589543465, 1.4567133206704986e-13, 0.0, 0.0, 3.2998127283789665e-13] 
  train error = 298662034330.2707 
 Validation error = 167593394608.7155

Mutated child : [0.0, -0.3050257425523439, 0.0, 0.0, -1.143920194519226, 0.0, 0.053478897409674334, 0.0, 0.0, 0.0, 0.0]
train error = 256662034330.2707 
 Validation error = 604593394608.7155

Mutated child : [2.766367701413045e-14, -0.926746031248963, 0.0, 0.019074207487002406, -0.659299213505731, -1.2719435759729766e-13, 0.051563616805144714, 1.4529483647625004e-13, 0.0, 0.0, 0.0] 
  train error = 5966379554778258.0 
 Validation error = 6043363108714076.0